SSPHOX01004,2020-07-03T00:27:29,    588, 0020, 18.6478,8.0062,8.2429,-0.857622,-0.894020, 20.9791,    0.040,  30.7915,  4.15105,  7.856,  3.2,20.3
SSPHOX01004,2020-07-03T00:47:29,    589, 0020, 18.7123,8.0777,8.2611,-0.853429,-0.892934, 19.9208,    0.038,  30.7974,  4.15756,  7.798,  3.0,19.3
SSPHOX01004,2020-07-03T01:07:29,    590, 0020, 18.7685,8.1192,8.2690,-0.850973,-0.892458, 19.3848,    0.039,  30.7999,  4.16294,  7.775,  2.9,19.1
SSPHOX01004,2020-07-03T01:27:29,    591, 0020, 18.8172,8.1451,8.2739,-0.849429,-0.892150, 19.0808,    0.039,  30.8025,  4.16765,  7.758,  2.8,19.1
SSPHOX01004,2020-07-03T01:47:29,    592, 0020, 18.8561,8.1598,8.2758,-0.848541,-0.892026, 18.9187,    0.040,  30.8038,  4.17133,  7.748,  2.8,19.0
SSPHOX01004,2020-07-03T02:07:29,    593, 0020, 18.8859,8.1693,8.2771,-0.847964,-0.891939, 18.8401,    0.041,  30.8059,  4.17427,  7.752,  2.8,19.0
SSPHOX01004,2020-07-03T02:27:29,    594, 0020, 18.9061,8.1739,8.2758,-0.847680,-0.892003, 18.8058,    0.043,  30.8072,  4.17626,  7.753,  2.8,19.0
SSPHOX01004,2020-07-03T02:47:29,    595, 0020, 18.9151,8.1783,8.2764,-0.847420,-0.891964, 18.7929,    0.043,  30.8101,  4.17741,  7.750,  2.8,19.0
SSPHOX01004,2020-07-03T03:07:29,    596, 0020, 18.9152,8.1798,8.2756,-0.847334,-0.892010, 18.7882,    0.044,  30.8122,  4.17768,  7.754,  2.8,19.0
SSPHOX01004,2020-07-03T03:27:29,    597, 0020, 18.9063,8.1816,8.2756,-0.847249,-0.892018, 18.7839,    0.044,  30.8210,  4.17794,  7.756,  2.8,19.1
SSPHOX01004,2020-07-03T03:47:29,    598, 0020, 18.8886,8.1840,8.2767,-0.847129,-0.891960, 18.7765,    0.046,  30.8260,  4.17696,  7.759,  2.8,19.0
SSPHOX01004,2020-07-03T04:07:29,    599, 0020, 18.8617,8.1857,8.2776,-0.847059,-0.891917, 18.7636,    0.046,  30.8292,  4.17491,  7.758,  2.8,19.0
SSPHOX01004,2020-07-03T04:27:29,    600, 0020, 18.8290,8.1866,8.2779,-0.847038,-0.891916, 18.7454,    0.048,  30.8322,  4.17233,  7.767,  2.7,19.0
SSPHOX01004,2020-07-03T04:47:29,    601, 0020, 18.7913,8.1883,8.2794,-0.846981,-0.891844, 18.7197,    0.050,  30.8357,  4.16934,  7.774,  2.8,19.0
SSPHOX01004,2020-07-03T05:07:29,    602, 0020, 18.7490,8.1901,8.2809,-0.846915,-0.891777, 18.6902,    0.052,  30.8387,  4.16589,  7.783,  2.7,19.0
SSPHOX01004,2020-07-03T05:27:29,    603, 0020, 18.7025,8.1920,8.2823,-0.846854,-0.891712, 18.6539,    0.054,  30.8416,  4.16204,  7.792,  2.7,18.9
SSPHOX01004,2020-07-03T05:47:29,    604, 0020, 18.6525,8.1947,8.2848,-0.846748,-0.891590, 18.6129,    0.054,  30.8454,  4.15799,  7.799,  2.7,18.8
SSPHOX01004,2020-07-03T06:07:29,    605, 0020, 18.5968,8.1962,8.2860,-0.846716,-0.891543, 18.5675,    0.055,  30.8485,  4.15333,  7.806,  2.7,18.8
SSPHOX01004,2020-07-03T06:27:29,    606, 0020, 18.5397,8.1992,8.2889,-0.846599,-0.891402, 18.5183,    0.055,  30.8524,  4.14865,  7.821,  2.7,18.7
SSPHOX01004,2020-07-03T06:47:29,    607, 0020, 18.4819,8.2001,8.2899,-0.846602,-0.891369, 18.4668,    0.055,  30.8553,  4.14379,  7.828,  2.7,18.7
SSPHOX01004,2020-07-03T07:07:29,    608, 0020, 18.4235,8.2026,8.2922,-0.846516,-0.891261, 18.4120,    0.055,  30.8584,  4.13889,  7.830,  2.6,18.6
SSPHOX01004,2020-07-03T07:27:29,    609, 0020, 18.3635,8.2047,8.2944,-0.846452,-0.891159, 18.3553,    0.059,  30.8614,  4.13384,  7.842,  2.6,18.6
SSPHOX01004,2020-07-03T07:47:29,    610, 0020, 18.3026,8.2068,8.2965,-0.846390,-0.891060, 18.2977,    0.058,  30.8651,  4.12880,  7.850,  2.6,18.5
SSPHOX01004,2020-07-03T08:07:29,    611, 0020, 18.2416,8.2091,8.2989,-0.846319,-0.890948, 18.2383,    0.056,  30.8683,  4.12369,  7.869,  2.6,18.4
SSPHOX01004,2020-07-03T08:27:29,    612, 0020, 18.1818,8.2112,8.3008,-0.846258,-0.890861, 18.1791,    0.055,  30.8710,  4.11862,  7.863,  2.6,18.4
SSPHOX01004,2020-07-03T08:47:29,    613, 0020, 18.1221,8.2142,8.3034,-0.846143,-0.890737, 18.1182,    0.055,  30.8743,  4.11365,  7.880,  2.5,18.3
SSPHOX01004,2020-07-03T09:07:29,    614, 0020, 18.0591,8.2161,8.3058,-0.846090,-0.890624, 18.0587,    0.054,  30.8776,  4.10836,  7.890,  2.5,18.3
SSPHOX01004,2020-07-03T09:27:29,    615, 0020, 18.0004,8.2183,8.3079,-0.846022,-0.890529, 17.9976,    0.055,  30.8810,  4.10349,  7.899,  2.5,18.2
SSPHOX01004,2020-07-03T09:47:29,    616, 0020, 17.9432,8.2198,8.3094,-0.845994,-0.890468, 17.9384,    0.054,  30.8841,  4.09871,  7.899,  2.5,18.1
SSPHOX01004,2020-07-03T10:07:29,    617, 0020, 17.8864,8.2220,8.3117,-0.845924,-0.890359, 17.8786,    0.055,  30.8872,  4.09398,  7.911,  2.4,18.1
SSPHOX01004,2020-07-03T10:27:29,    618, 0020, 17.8319,8.2240,8.3139,-0.845857,-0.890254, 17.8212,    0.057,  30.8896,  4.08936,  7.922,  2.4,18.0
SSPHOX01004,2020-07-03T10:47:29,    619, 0020, 17.7798,8.2268,8.3165,-0.845752,-0.890127, 17.7647,    0.057,  30.8931,  4.08508,  7.918,  2.4,18.0
SSPHOX01004,2020-07-03T11:07:29,    620, 0020, 17.7301,8.2284,8.3184,-0.845704,-0.890040, 17.7110,    0.059,  30.8959,  4.08095,  7.933,  2.4,17.9
SSPHOX01004,2020-07-03T11:27:29,    621, 0020, 17.6812,8.2296,8.3196,-0.845685,-0.889991, 17.6580,    0.059,  30.8996,  4.07701,  7.944,  2.4,17.8
SSPHOX01004,2020-07-03T11:47:29,    622, 0020, 17.6361,8.2308,8.3209,-0.845664,-0.889934, 17.6073,    0.060,  30.9024,  4.07328,  7.955,  2.4,17.8
SSPHOX01004,2020-07-03T12:07:29,    623, 0020, 17.5934,8.2333,8.3231,-0.845559,-0.889827, 17.5594,    0.061,  30.9053,  4.06979,  7.963,  2.4,17.8
SSPHOX01004,2020-07-03T12:27:29,    624, 0020, 17.5520,8.2350,8.3252,-0.845504,-0.889725, 17.5146,    0.065,  30.9079,  4.06638,  7.971,  2.3,17.8
SSPHOX01004,2020-07-03T12:47:29,    625, 0020, 17.5122,8.2367,8.3265,-0.845443,-0.889664, 17.4703,    0.068,  30.9107,  4.06314,  7.981,  2.3,17.7
SSPHOX01004,2020-07-03T13:07:29,    626, 0020, 17.4735,8.2375,8.3275,-0.845440,-0.889622, 17.4276,    0.069,  30.9132,  4.05996,  7.980,  2.3,17.7
SSPHOX01004,2020-07-03T13:27:29,    627, 0020, 17.4359,8.2387,8.3290,-0.845404,-0.889556, 17.3872,    0.071,  30.9162,  4.05694,  7.991,  2.3,17.6
SSPHOX01004,2020-07-03T13:47:29,    628, 0020, 17.3997,8.2408,8.3311,-0.845322,-0.889451, 17.3479,    0.079,  30.9188,  4.05399,  8.001,  2.3,17.6
SSPHOX01004,2020-07-03T14:07:29,    629, 0020, 17.3643,8.2408,8.3312,-0.845354,-0.889461, 17.3091,    0.078,  30.9215,  4.05113,  8.002,  2.3,17.5
SSPHOX01004,2020-07-03T14:27:29,    630, 0020, 17.3268,8.2438,8.3339,-0.845223,-0.889317, 17.2727,    0.078,  30.9254,  4.04823,  8.008,  2.3,17.5
SSPHOX01004,2020-07-03T14:47:29,    631, 0020, 17.2972,8.2436,8.3338,-0.845263,-0.889338, 17.2375,    0.079,  30.9268,  4.04573,  8.013,  2.3,17.5
SSPHOX01004,2020-07-03T15:07:29,    632, 0020, 17.2672,8.2456,8.3355,-0.845179,-0.889254, 17.2022,    0.082,  30.9289,  4.04329,  8.026,  2.2,17.5
SSPHOX01004,2020-07-03T15:27:29,    633, 0020, 17.2411,8.2467,8.3366,-0.845146,-0.889202, 17.1702,    0.083,  30.9352,  4.04169,  8.030,  2.3,17.4
SSPHOX01004,2020-07-03T15:47:29,    634, 0020, 17.2169,8.2476,8.3378,-0.845116,-0.889141, 17.1400,    0.084,  30.9373,  4.03976,  8.037,  2.2,17.4
SSPHOX01004,2020-07-03T16:07:29,    635, 0020, 17.1950,8.2487,8.3389,-0.845076,-0.889087, 17.1130,    0.083,  30.9405,  4.03818,  8.043,  2.2,17.3
SSPHOX01004,2020-07-03T16:27:29,    636, 0020, 17.1788,8.2491,8.3392,-0.845073,-0.889080, 17.0881,    0.086,  30.9437,  4.03710,  8.043,  2.2,17.3
SSPHOX01004,2020-07-03T16:47:29,    637, 0020, 17.1690,8.2503,8.3403,-0.845011,-0.889016, 17.0683,    0.087,  30.9459,  4.03647,  8.052,  2.2,17.3
SSPHOX01004,2020-07-03T17:07:29,    638, 0020, 17.1612,8.2502,8.3404,-0.845027,-0.889019, 17.0523,    0.086,  30.9487,  4.03610,  8.050,  2.2,17.3
SSPHOX01004,2020-07-03T17:27:29,    639, 0020, 17.1598,8.2511,8.3418,-0.844978,-0.888936, 17.0403,    0.087,  30.9515,  4.03631,  8.053,  2.2,17.3
SSPHOX01004,2020-07-03T17:47:29,    640, 0020, 17.1656,8.2513,8.3419,-0.844965,-0.888929, 17.0332,    0.087,  30.9536,  4.03708,  8.052,  2.2,17.3
SSPHOX01004,2020-07-03T18:07:29,    641, 0020, 17.1769,8.2508,8.3411,-0.844985,-0.888970, 17.0306,    0.088,  30.9562,  4.03839,  8.048,  2.2,17.3
SSPHOX01004,2020-07-03T18:27:29,    642, 0020, 17.2012,8.2506,8.3412,-0.844974,-0.888951, 17.0355,    0.088,  30.9584,  4.04083,  8.047,  2.2,17.3
SSPHOX01004,2020-07-03T18:47:29,    643, 0020, 17.2346,8.2491,8.3401,-0.845035,-0.889003, 17.0486,    0.090,  30.9610,  4.04414,  8.049,  2.2,17.3
SSPHOX01004,2020-07-03T19:07:29,    644, 0020, 17.2772,8.2484,8.3394,-0.845033,-0.889022, 17.0706,    0.090,  30.9630,  4.04819,  8.043,  2.2,17.4
SSPHOX01004,2020-07-03T19:27:29,    645, 0020, 17.3248,8.2475,8.3386,-0.845042,-0.889049, 17.1013,    0.091,  30.9648,  4.05268,  8.041,  2.2,17.4
SSPHOX01004,2020-07-03T19:47:29,    646, 0020, 17.3805,8.2453,8.3368,-0.845121,-0.889130, 17.1399,    0.091,  30.9664,  4.05787,  8.027,  2.3,17.5
SSPHOX01004,2020-07-03T20:07:29,    647, 0020, 17.4431,8.2445,8.3355,-0.845110,-0.889174, 17.1860,    0.091,  30.9686,  4.06375,  8.021,  2.3,17.5
SSPHOX01004,2020-07-03T20:27:29,    648, 0020, 17.5101,8.2422,8.3334,-0.845181,-0.889268, 17.2387,    0.092,  30.9705,  4.07000,  8.006,  2.3,17.6
SSPHOX01004,2020-07-03T20:47:29,    649, 0020, 17.5842,8.2406,8.3321,-0.845203,-0.889309, 17.2985,    0.093,  30.9713,  4.07675,  8.002,  2.3,17.6
SSPHOX01004,2020-07-03T21:07:29,    650, 0020, 17.6604,8.2379,8.3290,-0.845288,-0.889458, 17.3642,    0.097,  30.9738,  4.08391,  7.988,  2.3,17.7
SSPHOX01004,2020-07-03T21:27:29,    651, 0020, 17.7454,8.2356,8.3268,-0.845342,-0.889549, 17.4344,    0.100,  30.9755,  4.09176,  7.986,  2.4,17.8
SSPHOX01004,2020-07-03T21:47:29,    652, 0020, 17.8339,8.2330,8.3241,-0.845411,-0.889667, 17.5098,    0.101,  30.9778,  4.10002,  7.961,  2.4,17.9
SSPHOX01004,2020-07-03T22:07:29,    653, 0020, 17.9289,8.2303,8.3207,-0.845479,-0.889819, 17.5919,    0.098,  30.9791,  4.10873,  7.943,  2.4,17.9
SSPHOX01004,2020-07-03T22:27:29,    654, 0020, 18.0150,8.2275,8.3177,-0.845563,-0.889959, 17.6767,    0.099,  30.9809,  4.11671,  7.931,  2.4,18.1
SSPHOX01004,2020-07-03T22:47:29,    655, 0020, 18.1084,8.2242,8.3140,-0.845668,-0.890133, 17.7649,    0.101,  30.9819,  4.12527,  7.917,  2.5,18.1
SSPHOX01004,2020-07-03T23:07:29,    656, 0020, 18.2023,8.2213,8.3106,-0.845744,-0.890291, 17.8542,    0.099,  30.9832,  4.13391,  7.898,  2.5,18.2
SSPHOX01004,2020-07-03T23:27:29,    657, 0020, 18.2923,8.2193,8.3075,-0.845782,-0.890429, 17.9453,    0.101,  30.9862,  4.14240,  7.886,  2.5,18.3
SSPHOX01004,2020-07-03T23:47:29,    658, 0020, 18.3818,8.2162,8.3036,-0.845875,-0.890614, 18.0370,    0.102,  30.9878,  4.15069,  7.871,  2.6,18.4
SSPHOX01004,2020-07-04T00:07:29,    659, 0020, 18.4635,8.2131,8.2996,-0.845983,-0.890816, 18.1265,    0.103,  30.9897,  4.15830,  7.861,  2.6,18.5
SSPHOX01004,2020-07-04T00:27:29,    660, 0020, 18.5396,8.2112,8.2968,-0.846021,-0.890941, 18.2130,    0.101,  30.9921,  4.16548,  7.846,  2.6,18.6
SSPHOX01004,2020-07-04T00:47:29,    661, 0020, 18.6104,8.2090,8.2935,-0.846081,-0.891104, 18.2944,    0.094,  30.9940,  4.17214,  7.831,  2.6,18.7
SSPHOX01004,2020-07-04T01:07:29,    662, 0020, 18.6759,8.2072,8.2910,-0.846126,-0.891223, 18.3699,    0.093,  30.9965,  4.17837,  7.822,  2.7,18.7
SSPHOX01004,2020-07-04T01:27:29,    663, 0020, 18.7347,8.2051,8.2885,-0.846197,-0.891339, 18.4412,    0.093,  30.9982,  4.18391,  7.814,  2.7,18.8
SSPHOX01004,2020-07-04T01:47:29,    664, 0020, 18.7847,8.2026,8.2857,-0.846295,-0.891483, 18.5074,    0.093,  31.0001,  4.18867,  7.809,  2.7,18.8
SSPHOX01004,2020-07-04T02:07:29,    665, 0020, 18.8293,8.2010,8.2835,-0.846348,-0.891588, 18.5660,    0.092,  31.0023,  4.19298,  7.804,  2.7,18.9
SSPHOX01004,2020-07-04T02:27:29,    666, 0020, 18.8673,8.2000,8.2823,-0.846374,-0.891643, 18.6191,    0.091,  31.0047,  4.19672,  7.792,  2.7,19.0
SSPHOX01004,2020-07-04T02:47:29,    667, 0020, 18.8961,8.1994,8.2809,-0.846380,-0.891714, 18.6648,    0.089,  31.0071,  4.19964,  7.790,  2.7,19.0
SSPHOX01004,2020-07-04T03:07:29,    668, 0020, 18.9126,8.1977,8.2790,-0.846468,-0.891814, 18.7031,    0.091,  31.0095,  4.20142,  7.784,  2.8,19.0
SSPHOX01004,2020-07-04T03:27:29,    669, 0020, 18.9197,8.1981,8.2786,-0.846437,-0.891838, 18.7314,    0.091,  31.0120,  4.20237,  7.783,  2.8,19.0
SSPHOX01004,2020-07-04T03:47:29,    670, 0020, 18.9182,8.1970,8.2776,-0.846506,-0.891897, 18.7511,    0.092,  31.0152,  4.20262,  7.775,  2.8,19.0
SSPHOX01004,2020-07-04T04:07:29,    671, 0020, 18.9095,8.1971,8.2771,-0.846512,-0.891927, 18.7610,    0.092,  31.0174,  4.20210,  7.785,  2.8,19.0
SSPHOX01004,2020-07-04T04:27:29,    672, 0020, 18.8918,8.1976,8.2773,-0.846499,-0.891924, 18.7625,    0.092,  31.0207,  4.20089,  7.780,  2.8,19.0
SSPHOX01004,2020-07-04T04:47:29,    673, 0020, 18.8674,8.1988,8.2784,-0.846454,-0.891872, 18.7561,    0.093,  31.0236,  4.19903,  7.787,  2.8,19.0
SSPHOX01004,2020-07-04T05:07:29,    674, 0020, 18.8349,8.1984,8.2780,-0.846512,-0.891908, 18.7414,    0.095,  31.0271,  4.19650,  7.789,  2.8,19.0
SSPHOX01004,2020-07-04T05:27:29,    675, 0020, 18.7992,8.2006,8.2798,-0.846424,-0.891820, 18.7197,    0.095,  31.0305,  4.19367,  7.800,  2.8,19.0
SSPHOX01004,2020-07-04T05:47:29,    676, 0020, 18.7560,8.2008,8.2799,-0.846455,-0.891829, 18.6908,    0.095,  31.0333,  4.19008,  7.805,  2.8,19.0
SSPHOX01004,2020-07-04T06:07:29,    677, 0020, 18.7086,8.2027,8.2816,-0.846392,-0.891752, 18.6569,    0.096,  31.0366,  4.18617,  7.810,  2.7,18.9
SSPHOX01004,2020-07-04T06:27:29,    678, 0020, 18.6603,8.2043,8.2834,-0.846346,-0.891669, 18.6170,    0.096,  31.0403,  4.18224,  7.813,  2.7,18.8
SSPHOX01004,2020-07-04T06:47:29,    679, 0020, 18.6079,8.2058,8.2849,-0.846309,-0.891601, 18.5739,    0.095,  31.0434,  4.17787,  7.822,  2.7,18.8
SSPHOX01004,2020-07-04T07:07:29,    680, 0020, 18.5538,8.2064,8.2856,-0.846328,-0.891583, 18.5260,    0.098,  31.0466,  4.17335,  7.823,  2.7,18.7
SSPHOX01004,2020-07-04T07:27:29,    681, 0020, 18.4949,8.2094,8.2887,-0.846213,-0.891428, 18.4754,    0.097,  31.0502,  4.16843,  7.837,  2.7,18.7
SSPHOX01004,2020-07-04T07:47:29,    682, 0020, 18.4323,8.2114,8.2910,-0.846159,-0.891325, 18.4210,    0.095,  31.0534,  4.16314,  7.842,  2.7,18.7
SSPHOX01004,2020-07-04T08:07:29,    683, 0020, 18.3694,8.2130,8.2926,-0.846128,-0.891260, 18.3633,    0.093,  31.0570,  4.15786,  7.852,  2.6,18.6
SSPHOX01004,2020-07-04T08:27:29,    684, 0020, 18.3089,8.2152,8.2951,-0.846061,-0.891140, 18.3051,    0.094,  31.0607,  4.15283,  7.857,  2.6,18.5
SSPHOX01004,2020-07-04T08:47:29,    685, 0020, 18.2490,8.2173,8.2975,-0.845999,-0.891026, 18.2450,    0.092,  31.0643,  4.14783,  7.869,  2.6,18.5
SSPHOX01004,2020-07-04T09:07:29,    686, 0020, 18.1871,8.2189,8.2996,-0.845968,-0.890932, 18.1850,    0.092,  31.0674,  4.14259,  7.885,  2.6,18.4
SSPHOX01004,2020-07-04T09:27:29,    687, 0020, 18.1230,8.2215,8.3022,-0.845880,-0.890809, 18.1241,    0.091,  31.0702,  4.13713,  7.889,  2.6,18.3
SSPHOX01004,2020-07-04T09:47:29,    688, 0020, 18.0576,8.2233,8.3040,-0.845844,-0.890729, 18.0618,    0.090,  31.0739,  4.13165,  7.897,  2.5,18.3
SSPHOX01004,2020-07-04T10:07:29,    689, 0020, 17.9949,8.2254,8.3061,-0.845783,-0.890638, 17.9990,    0.090,  31.0773,  4.12639,  7.909,  2.5,18.2
SSPHOX01004,2020-07-04T10:27:29,    690, 0020, 17.9314,8.2273,8.3082,-0.845737,-0.890545, 17.9354,    0.089,  31.0806,  4.12102,  7.910,  2.5,18.1
SSPHOX01004,2020-07-04T10:47:29,    691, 0020, 17.8685,8.2294,8.3105,-0.845677,-0.890434, 17.8726,    0.088,  31.0839,  4.11574,  7.922,  2.5,18.1
SSPHOX01004,2020-07-04T11:07:29,    692, 0020, 17.8050,8.2318,8.3130,-0.845602,-0.890317, 17.8087,    0.088,  31.0873,  4.11040,  7.929,  2.5,18.0
SSPHOX01004,2020-07-04T11:27:29,    693, 0020, 17.7427,8.2344,8.3158,-0.845511,-0.890186, 17.7462,    0.089,  31.0912,  4.10522,  7.938,  2.4,18.0
SSPHOX01004,2020-07-04T11:47:29,    694, 0020, 17.6818,8.2350,8.3168,-0.845536,-0.890153, 17.6841,    0.087,  31.0942,  4.10008,  7.945,  2.4,17.9
SSPHOX01004,2020-07-04T12:07:29,    695, 0020, 17.6220,8.2372,8.3186,-0.845469,-0.890074, 17.6222,    0.085,  31.0979,  4.09512,  7.959,  2.4,17.8
SSPHOX01004,2020-07-04T12:27:29,    696, 0020, 17.5640,8.2399,8.3215,-0.845371,-0.889929, 17.5610,    0.082,  31.1004,  4.09017,  7.971,  2.4,17.8
SSPHOX01004,2020-07-04T12:47:29,    697, 0020, 17.5045,8.2423,8.3237,-0.845289,-0.889829, 17.5017,    0.081,  31.1040,  4.08522,  7.980,  2.4,17.7
SSPHOX01004,2020-07-04T13:07:29,    698, 0020, 17.4474,8.2437,8.3256,-0.845266,-0.889747, 17.4420,    0.081,  31.1075,  4.08049,  7.991,  2.4,17.6
SSPHOX01004,2020-07-04T13:27:29,    699, 0020, 17.3865,8.2457,8.3278,-0.845213,-0.889646, 17.3828,    0.080,  31.1103,  4.07532,  7.997,  2.3,17.6
SSPHOX01004,2020-07-04T13:47:29,    700, 0020, 17.3322,8.2478,8.3298,-0.845146,-0.889555, 17.3246,    0.082,  31.1137,  4.07083,  8.007,  2.3,17.5
SSPHOX01004,2020-07-04T14:07:29,    701, 0020, 17.2851,8.2491,8.3312,-0.845117,-0.889490, 17.2678,    0.082,  31.1169,  4.06695,  8.016,  2.3,17.5
SSPHOX01004,2020-07-04T14:27:29,    702, 0020, 17.2460,8.2506,8.3325,-0.845071,-0.889434, 17.2153,    0.084,  31.1198,  4.06377,  8.024,  2.3,17.5
SSPHOX01004,2020-07-04T14:47:29,    703, 0020, 17.2197,8.2519,8.3340,-0.845022,-0.889357, 17.1690,    0.085,  31.1224,  4.06170,  8.032,  2.3,17.4
SSPHOX01004,2020-07-04T15:07:29,    704, 0020, 17.2023,8.2532,8.3355,-0.844975,-0.889280, 17.1317,    0.086,  31.1400,  4.06219,  8.031,  2.3,17.4
SSPHOX01004,2020-07-04T15:27:29,    705, 0020, 17.1955,8.2536,8.3362,-0.844962,-0.889243, 17.1033,    0.088,  31.1424,  4.06186,  8.035,  2.2,17.3
SSPHOX01004,2020-07-04T15:47:29,    706, 0020, 17.1991,8.2535,8.3363,-0.844969,-0.889236, 17.0848,    0.087,  31.1445,  4.06243,  8.042,  2.2,17.3
SSPHOX01004,2020-07-04T16:07:29,    707, 0020, 17.2124,8.2530,8.3363,-0.844982,-0.889229, 17.0760,    0.088,  31.1467,  4.06389,  8.042,  2.2,17.3
SSPHOX01004,2020-07-04T16:27:29,    708, 0020, 17.2363,8.2533,8.3367,-0.844947,-0.889194, 17.0761,    0.089,  31.1488,  4.06629,  8.041,  2.3,17.4
SSPHOX01004,2020-07-04T16:47:29,    709, 0020, 17.2702,8.2524,8.3356,-0.844970,-0.889243, 17.0867,    0.088,  31.1508,  4.06958,  8.033,  2.3,17.4
SSPHOX01004,2020-07-04T17:07:29,    710, 0020, 17.3134,8.2517,8.3353,-0.844971,-0.889243, 17.1082,    0.089,  31.1527,  4.07371,  8.032,  2.3,17.4
SSPHOX01004,2020-07-04T17:27:29,    711, 0020, 17.3662,8.2497,8.3337,-0.845036,-0.889312, 17.1397,    0.090,  31.1540,  4.07863,  8.025,  2.3,17.5
SSPHOX01004,2020-07-04T17:47:29,    712, 0020, 17.4249,8.2481,8.3325,-0.845075,-0.889360, 17.1795,    0.090,  31.1556,  4.08412,  8.008,  2.3,17.5
SSPHOX01004,2020-07-04T18:07:29,    713, 0020, 17.4926,8.2466,8.3310,-0.845100,-0.889414, 17.2269,    0.092,  31.1571,  4.09041,  8.007,  2.3,17.5
SSPHOX01004,2020-07-04T18:27:29,    714, 0020, 17.5660,8.2444,8.3288,-0.845156,-0.889510, 17.2848,    0.092,  31.1592,  4.09730,  7.991,  2.4,17.6
SSPHOX01004,2020-07-04T18:47:29,    715, 0020, 17.6487,8.2420,8.3267,-0.845219,-0.889598, 17.3487,    0.093,  31.1608,  4.10496,  7.979,  2.4,17.7
SSPHOX01004,2020-07-04T19:07:29,    716, 0020, 17.7365,8.2394,8.3240,-0.845287,-0.889711, 17.4202,    0.095,  31.1618,  4.11302,  7.970,  2.4,17.8
SSPHOX01004,2020-07-04T19:27:29,    717, 0020, 17.8269,8.2364,8.3210,-0.845379,-0.889847, 17.4998,    0.098,  31.1641,  4.12149,  7.960,  2.4,17.8
SSPHOX01004,2020-07-04T19:47:29,    718, 0020, 17.9175,8.2336,8.3183,-0.845454,-0.889966, 17.5826,    0.102,  31.1657,  4.12988,  7.945,  2.4,17.9
SSPHOX01004,2020-07-04T20:07:29,    719, 0020, 18.0113,8.2305,8.3148,-0.845546,-0.890130, 17.6694,    0.105,  31.1677,  4.13864,  7.926,  2.5,18.0
SSPHOX01004,2020-07-04T20:27:29,    720, 0020, 18.1147,8.2283,8.3119,-0.845580,-0.890253, 17.7592,    0.102,  31.1690,  4.14817,  7.917,  2.5,18.1
SSPHOX01004,2020-07-04T20:47:29,    721, 0020, 18.1670,8.2259,8.3084,-0.845672,-0.890431, 17.8508,    0.102,  31.1728,  4.15338,  7.903,  2.5,18.2
SSPHOX01004,2020-07-04T21:07:29,    722, 0020, 18.1986,8.2242,8.3061,-0.845739,-0.890551, 17.9247,    0.102,  31.1753,  4.15655,  7.886,  2.5,18.3
SSPHOX01004,2020-07-04T21:27:29,    723, 0020, 18.2555,8.2226,8.3040,-0.845785,-0.890649, 17.9835,    0.101,  31.1781,  4.16205,  7.878,  2.6,18.3
SSPHOX01004,2020-07-04T21:47:29,    724, 0020, 18.3217,8.2206,8.3015,-0.845838,-0.890763, 18.0421,    0.100,  31.1805,  4.16836,  7.869,  2.6,18.4
SSPHOX01004,2020-07-04T22:07:29,    725, 0020, 18.3893,8.2187,8.2986,-0.845888,-0.890905, 18.1037,    0.100,  31.1828,  4.17477,  7.855,  2.6,18.5
SSPHOX01004,2020-07-04T22:27:29,    726, 0020, 18.4567,8.2155,8.2953,-0.846009,-0.891062, 18.1678,    0.100,  31.1847,  4.18114,  7.848,  2.6,18.5
SSPHOX01004,2020-07-04T22:47:29,    727, 0020, 18.5248,8.2145,8.2937,-0.846005,-0.891127, 18.2339,    0.101,  31.1871,  4.18763,  7.840,  2.7,18.6
SSPHOX01004,2020-07-04T23:07:29,    728, 0020, 18.5880,8.2113,8.2899,-0.846132,-0.891320, 18.2998,    0.097,  31.1893,  4.19366,  7.826,  2.7,18.7
SSPHOX01004,2020-07-04T23:27:29,    729, 0020, 18.6472,8.2101,8.2879,-0.846149,-0.891412, 18.3649,    0.089,  31.1925,  4.19942,  7.817,  2.7,18.7
SSPHOX01004,2020-07-04T23:47:29,    730, 0020, 18.7007,8.2075,8.2851,-0.846251,-0.891551, 18.4265,    0.085,  31.1948,  4.20459,  7.799,  2.7,18.7
SSPHOX01004,2020-07-05T00:07:29,    731, 0020, 18.7544,8.2063,8.2836,-0.846274,-0.891616, 18.4844,    0.085,  31.1983,  4.20991,  7.796,  2.7,18.8
SSPHOX01004,2020-07-05T00:27:29,    732, 0020, 18.8064,8.2050,8.2816,-0.846303,-0.891710, 18.5404,    0.084,  31.2009,  4.21497,  7.792,  2.7,18.9
SSPHOX01004,2020-07-05T00:47:29,    733, 0020, 18.8529,8.2028,8.2793,-0.846390,-0.891822, 18.5949,    0.082,  31.2042,  4.21961,  7.781,  2.8,18.9
SSPHOX01004,2020-07-05T01:07:29,    734, 0020, 18.8933,8.2024,8.2785,-0.846378,-0.891856, 18.6455,    0.081,  31.2070,  4.22363,  7.777,  2.8,19.0
SSPHOX01004,2020-07-05T01:27:29,    735, 0020, 18.9258,8.2004,8.2763,-0.846462,-0.891969, 18.6914,    0.080,  31.2109,  4.22708,  7.764,  2.8,19.0
SSPHOX01004,2020-07-05T01:47:29,    736, 0020, 18.9530,8.1992,8.2748,-0.846510,-0.892045, 18.7314,    0.080,  31.2140,  4.22994,  7.755,  2.8,19.0
SSPHOX01004,2020-07-05T02:07:29,    737, 0020, 18.9772,8.1985,8.2737,-0.846532,-0.892098, 18.7658,    0.081,  31.2174,  4.23257,  7.756,  2.8,19.1
SSPHOX01004,2020-07-05T02:27:29,    738, 0020, 18.9874,8.1986,8.2736,-0.846520,-0.892097, 18.7949,    0.082,  31.2211,  4.23395,  7.754,  2.8,19.1
SSPHOX01004,2020-07-05T02:47:29,    739, 0020, 18.9893,8.1982,8.2728,-0.846545,-0.892141, 18.8163,    0.081,  31.2242,  4.23450,  7.754,  2.9,19.1
SSPHOX01004,2020-07-05T03:07:29,    740, 0020, 18.9820,8.1980,8.2725,-0.846568,-0.892164, 18.8278,    0.082,  31.2281,  4.23430,  7.756,  2.9,19.1
SSPHOX01004,2020-07-05T03:27:29,    741, 0020, 19.0132,8.1979,8.2725,-0.846546,-0.892152, 18.8348,    0.082,  31.2299,  4.23738,  7.750,  2.9,19.1
SSPHOX01004,2020-07-05T03:47:29,    742, 0020, 19.0558,8.1959,8.2703,-0.846623,-0.892261, 18.8530,    0.081,  31.2331,  4.24167,  7.746,  2.9,19.2
SSPHOX01004,2020-07-05T04:07:29,    743, 0020, 19.1000,8.1947,8.2693,-0.846654,-0.892297, 18.8807,    0.083,  31.2360,  4.24606,  7.740,  2.9,19.2
SSPHOX01004,2020-07-05T04:27:29,    744, 0020, 19.1404,8.1940,8.2683,-0.846656,-0.892344, 18.9154,    0.085,  31.2378,  4.24997,  7.728,  2.9,19.2
SSPHOX01004,2020-07-05T04:47:29,    745, 0020, 19.1739,8.1924,8.2667,-0.846722,-0.892421, 18.9517,    0.085,  31.2404,  4.25336,  7.733,  2.9,19.3
SSPHOX01004,2020-07-05T05:07:29,    746, 0020, 19.1982,8.1921,8.2659,-0.846716,-0.892455, 18.9860,    0.087,  31.2434,  4.25595,  7.726,  2.9,19.3
SSPHOX01004,2020-07-05T05:27:29,    747, 0020, 19.2196,8.1908,8.2647,-0.846777,-0.892516, 19.0170,    0.087,  31.2467,  4.25832,  7.723,  2.9,19.3
SSPHOX01004,2020-07-05T05:47:29,    748, 0020, 19.2349,8.1900,8.2636,-0.846810,-0.892576, 19.0425,    0.087,  31.2497,  4.26008,  7.731,  2.9,19.3
SSPHOX01004,2020-07-05T06:07:29,    749, 0020, 19.2440,8.1899,8.2631,-0.846812,-0.892597, 19.0644,    0.087,  31.2532,  4.26134,  7.717,  2.9,19.4
SSPHOX01004,2020-07-05T06:27:29,    750, 0020, 19.2485,8.1890,8.2620,-0.846859,-0.892658, 19.0806,    0.087,  31.2558,  4.26207,  7.720,  2.9,19.4
SSPHOX01004,2020-07-05T06:47:29,    751, 0020, 19.2453,8.1903,8.2634,-0.846790,-0.892580, 19.0905,    0.087,  31.2588,  4.26214,  7.720,  2.9,19.3
SSPHOX01004,2020-07-05T07:07:29,    752, 0020, 19.2381,8.1903,8.2629,-0.846798,-0.892612, 19.0961,    0.087,  31.2612,  4.26179,  7.728,  2.9,19.4
SSPHOX01004,2020-07-05T07:27:29,    753, 0020, 19.2234,8.1902,8.2630,-0.846821,-0.892612, 19.0950,    0.086,  31.2651,  4.26091,  7.720,  2.9,19.3
SSPHOX01004,2020-07-05T07:47:29,    754, 0020, 19.2052,8.1905,8.2630,-0.846824,-0.892619, 19.0883,    0.085,  31.2689,  4.25970,  7.724,  2.9,19.3
SSPHOX01004,2020-07-05T08:07:29,    755, 0020, 19.1849,8.1914,8.2638,-0.846796,-0.892583, 19.0770,    0.084,  31.2715,  4.25817,  7.726,  2.9,19.3
SSPHOX01004,2020-07-05T08:27:29,    756, 0020, 19.1564,8.1912,8.2639,-0.846835,-0.892587, 19.0601,    0.085,  31.2744,  4.25591,  7.731,  2.9,19.3
SSPHOX01004,2020-07-05T08:47:29,    757, 0020, 19.1222,8.1927,8.2652,-0.846785,-0.892529, 19.0400,    0.083,  31.2778,  4.25319,  7.729,  2.9,19.3
SSPHOX01004,2020-07-05T09:07:29,    758, 0020, 19.0846,8.1933,8.2658,-0.846788,-0.892506, 19.0135,    0.083,  31.2815,  4.25019,  7.726,  2.9,19.3
SSPHOX01004,2020-07-05T09:27:29,    759, 0020, 19.0440,8.1947,8.2674,-0.846746,-0.892436, 18.9819,    0.083,  31.2845,  4.24683,  7.735,  2.9,19.2
SSPHOX01004,2020-07-05T09:47:29,    760, 0020, 18.9996,8.1967,8.2699,-0.846676,-0.892310, 18.9467,    0.082,  31.2884,  4.24324,  7.748,  2.9,19.2
SSPHOX01004,2020-07-05T10:07:29,    761, 0020, 18.9561,8.1981,8.2709,-0.846634,-0.892265, 18.9080,    0.082,  31.2909,  4.23957,  7.752,  2.9,19.2
SSPHOX01004,2020-07-05T10:27:29,    762, 0020, 18.9075,8.1992,8.2725,-0.846619,-0.892194, 18.8666,    0.083,  31.2942,  4.23552,  7.754,  2.8,19.1
SSPHOX01004,2020-07-05T10:47:29,    763, 0020, 18.8548,8.2008,8.2741,-0.846583,-0.892123, 18.8222,    0.083,  31.2986,  4.23122,  7.760,  2.8,19.0
SSPHOX01004,2020-07-05T11:07:29,    764, 0020, 18.8011,8.2030,8.2767,-0.846507,-0.891994, 18.7742,    0.084,  31.3019,  4.22671,  7.773,  2.8,19.0
SSPHOX01004,2020-07-05T11:27:29,    765, 0020, 18.7455,8.2034,8.2777,-0.846538,-0.891961, 18.7238,    0.083,  31.3050,  4.22200,  7.776,  2.8,18.9
SSPHOX01004,2020-07-05T11:47:29,    766, 0020, 18.6889,8.2055,8.2797,-0.846474,-0.891870, 18.6723,    0.084,  31.3091,  4.21730,  7.785,  2.8,18.9
SSPHOX01004,2020-07-05T12:07:29,    767, 0020, 18.6310,8.2077,8.2823,-0.846404,-0.891743, 18.6168,    0.085,  31.3120,  4.21236,  7.788,  2.8,18.8
SSPHOX01004,2020-07-05T12:27:29,    768, 0020, 18.5690,8.2101,8.2851,-0.846328,-0.891610, 18.5614,    0.084,  31.3157,  4.20714,  7.799,  2.8,18.8
SSPHOX01004,2020-07-05T12:47:29,    769, 0020, 18.5038,8.2123,8.2874,-0.846265,-0.891500, 18.5025,    0.085,  31.3189,  4.20157,  7.814,  2.7,18.7
SSPHOX01004,2020-07-05T13:07:29,    770, 0020, 18.4380,8.2135,8.2891,-0.846256,-0.891434, 18.4412,    0.085,  31.3235,  4.19611,  7.825,  2.7,18.7
SSPHOX01004,2020-07-05T13:27:29,    771, 0020, 18.3745,8.2161,8.2916,-0.846174,-0.891312, 18.3792,    0.085,  31.3275,  4.19079,  7.833,  2.7,18.6
SSPHOX01004,2020-07-05T13:47:29,    772, 0020, 18.3203,8.2171,8.2930,-0.846169,-0.891255, 18.3166,    0.087,  31.3308,  4.18623,  7.845,  2.7,18.5
SSPHOX01004,2020-07-05T14:07:29,    773, 0020, 18.2729,8.2196,8.2958,-0.846069,-0.891114, 18.2575,    0.087,  31.3331,  4.18218,  7.850,  2.7,18.5
SSPHOX01004,2020-07-05T14:27:29,    774, 0020, 18.2309,8.2208,8.2975,-0.846040,-0.891036, 18.2033,    0.087,  31.3369,  4.17880,  7.856,  2.7,18.4
SSPHOX01004,2020-07-05T14:47:29,    775, 0020, 18.1983,8.2222,8.2993,-0.845993,-0.890943, 18.1560,    0.088,  31.3398,  4.17617,  7.865,  2.6,18.4
SSPHOX01004,2020-07-05T15:07:29,    776, 0020, 18.1746,8.2230,8.3000,-0.845971,-0.890914, 18.1141,    0.089,  31.3437,  4.17448,  7.868,  2.6,18.4
SSPHOX01004,2020-07-05T15:27:29,    777, 0020, 18.1631,8.2241,8.3016,-0.845921,-0.890826, 18.0808,    0.090,  31.3464,  4.17374,  7.874,  2.6,18.3
SSPHOX01004,2020-07-05T15:47:29,    778, 0020, 18.1556,8.2248,8.3021,-0.845893,-0.890801, 18.0568,    0.090,  31.3498,  4.17347,  7.875,  2.6,18.3
SSPHOX01004,2020-07-05T16:07:29,    779, 0020, 18.1591,8.2246,8.3024,-0.845900,-0.890782, 18.0415,    0.091,  31.3515,  4.17399,  7.874,  2.6,18.3
SSPHOX01004,2020-07-05T16:27:29,    780, 0020, 18.1715,8.2247,8.3025,-0.845887,-0.890770, 18.0323,    0.091,  31.3541,  4.17544,  7.874,  2.6,18.3
SSPHOX01004,2020-07-05T16:47:29,    781, 0020, 18.1926,8.2242,8.3025,-0.845900,-0.890763, 18.0340,    0.092,  31.3570,  4.17771,  7.874,  2.6,18.4
SSPHOX01004,2020-07-05T17:07:29,    782, 0020, 18.2224,8.2238,8.3021,-0.845898,-0.890773, 18.0434,    0.092,  31.3596,  4.18074,  7.871,  2.6,18.4
SSPHOX01004,2020-07-05T17:27:29,    783, 0020, 18.2610,8.2226,8.3011,-0.845930,-0.890811, 18.0630,    0.093,  31.3613,  4.18446,  7.862,  2.6,18.4
SSPHOX01004,2020-07-05T17:47:29,    784, 0020, 18.3064,8.2213,8.2999,-0.845965,-0.890863, 18.0892,    0.093,  31.3641,  4.18895,  7.859,  2.7,18.4
SSPHOX01004,2020-07-05T18:07:29,    785, 0020, 18.3560,8.2202,8.2987,-0.845985,-0.890909, 18.1243,    0.092,  31.3659,  4.19370,  7.845,  2.7,18.4
SSPHOX01004,2020-07-05T18:27:29,    786, 0020, 18.4077,8.2183,8.2970,-0.846044,-0.890989, 18.1652,    0.093,  31.3681,  4.19869,  7.845,  2.7,18.5
SSPHOX01004,2020-07-05T18:47:29,    787, 0020, 18.4640,8.2170,8.2955,-0.846073,-0.891048, 18.2104,    0.093,  31.3710,  4.20419,  7.838,  2.7,18.5
SSPHOX01004,2020-07-05T19:07:29,    788, 0020, 18.5287,8.2151,8.2935,-0.846123,-0.891138, 18.2617,    0.092,  31.3730,  4.21035,  7.822,  2.7,18.6
SSPHOX01004,2020-07-05T19:27:29,    789, 0020, 18.6014,8.2126,8.2910,-0.846203,-0.891250, 18.3188,    0.094,  31.3755,  4.21731,  7.814,  2.7,18.7
SSPHOX01004,2020-07-05T19:47:29,    790, 0020, 18.6805,8.2101,8.2881,-0.846272,-0.891388, 18.3817,    0.092,  31.3762,  4.22464,  7.805,  2.7,18.7
SSPHOX01004,2020-07-05T20:07:29,    791, 0020, 18.7603,8.2082,8.2857,-0.846307,-0.891493, 18.4509,    0.094,  31.3784,  4.23222,  7.790,  2.8,18.8
SSPHOX01004,2020-07-05T20:27:29,    792, 0020, 18.8215,8.2059,8.2830,-0.846384,-0.891622, 18.5240,    0.094,  31.3818,  4.23825,  7.779,  2.8,18.9
SSPHOX01004,2020-07-05T20:47:29,    793, 0020, 18.8145,8.2053,8.2813,-0.846428,-0.891724, 18.5869,    0.093,  31.3861,  4.23813,  7.776,  2.8,19.0
SSPHOX01004,2020-07-05T21:07:29,    794, 0020, 18.8390,8.2044,8.2797,-0.846462,-0.891806, 18.6228,    0.093,  31.3891,  4.24073,  7.768,  2.8,18.9
SSPHOX01004,2020-07-05T21:27:29,    795, 0020, 18.9113,8.2031,8.2784,-0.846472,-0.891852, 18.6582,    0.081,  31.3918,  4.24770,  7.757,  2.8,19.0
SSPHOX01004,2020-07-05T21:47:29,    796, 0020, 18.9630,8.2016,8.2765,-0.846510,-0.891940, 18.7066,    0.079,  31.3942,  4.25273,  7.750,  2.8,19.0
SSPHOX01004,2020-07-05T22:07:29,    797, 0020, 18.9602,8.2004,8.2744,-0.846591,-0.892060, 18.7528,    0.075,  31.3995,  4.25312,  7.745,  2.8,19.1
SSPHOX01004,2020-07-05T22:27:29,    798, 0020, 18.9857,8.2000,8.2737,-0.846588,-0.892094, 18.7826,    0.074,  31.4019,  4.25575,  7.737,  2.9,19.1
SSPHOX01004,2020-07-05T22:47:29,    799, 0020, 19.0201,8.1985,8.2722,-0.846650,-0.892165, 18.8089,    0.073,  31.4057,  4.25938,  7.725,  2.9,19.1
SSPHOX01004,2020-07-05T23:07:29,    800, 0020, 19.0584,8.1976,8.2708,-0.846665,-0.892228, 18.8397,    0.073,  31.4094,  4.26334,  7.730,  2.9,19.2
SSPHOX01004,2020-07-05T23:27:29,    801, 0020, 19.0886,8.1977,8.2706,-0.846635,-0.892229, 18.8732,    0.072,  31.4132,  4.26658,  7.727,  2.9,19.2
SSPHOX01004,2020-07-05T23:47:29,    802, 0020, 19.1158,8.1962,8.2687,-0.846701,-0.892329, 18.9051,    0.070,  31.4177,  4.26964,  7.720,  2.9,19.2
SSPHOX01004,2020-07-06T00:07:29,    803, 0020, 19.1417,8.1957,8.2679,-0.846708,-0.892365, 18.9356,    0.068,  31.4209,  4.27241,  7.718,  2.9,19.3
SSPHOX01004,2020-07-06T00:27:29,    804, 0020, 19.1649,8.1945,8.2668,-0.846760,-0.892420, 18.9630,    0.066,  31.4246,  4.27499,  7.707,  2.9,19.3
SSPHOX01004,2020-07-06T00:47:29,    805, 0020, 19.1758,8.1931,8.2653,-0.846835,-0.892498, 18.9872,    0.065,  31.4294,  4.27658,  7.703,  2.9,19.3
SSPHOX01004,2020-07-06T01:07:29,    806, 0020, 19.1827,8.1932,8.2648,-0.846827,-0.892525, 19.0075,    0.064,  31.4338,  4.27775,  7.703,  2.9,19.3
SSPHOX01004,2020-07-06T01:27:29,    807, 0020, 19.1846,8.1934,8.2652,-0.846817,-0.892501, 19.0207,    0.063,  31.4382,  4.27846,  7.696,  2.9,19.3
SSPHOX01004,2020-07-06T01:47:29,    808, 0020, 19.1759,8.1934,8.2646,-0.846831,-0.892540, 19.0285,    0.063,  31.4427,  4.27821,  7.705,  2.9,19.3
SSPHOX01004,2020-07-06T02:07:29,    809, 0020, 19.1702,8.1933,8.2648,-0.846846,-0.892529, 19.0298,    0.064,  31.4477,  4.27831,  7.696,  2.9,19.3
SSPHOX01004,2020-07-06T02:27:29,    810, 0020, 19.1611,8.1938,8.2650,-0.846824,-0.892522, 19.0281,    0.063,  31.4518,  4.27795,  7.696,  2.9,19.3
SSPHOX01004,2020-07-06T02:47:29,    811, 0020, 19.1549,8.1939,8.2654,-0.846830,-0.892505, 19.0244,    0.064,  31.4571,  4.27803,  7.697,  2.9,19.3
SSPHOX01004,2020-07-06T03:07:29,    812, 0020, 19.1467,8.1947,8.2657,-0.846795,-0.892486, 19.0194,    0.064,  31.4607,  4.27772,  7.704,  2.9,19.3
SSPHOX01004,2020-07-06T03:27:29,    813, 0020, 19.1417,8.1946,8.2660,-0.846808,-0.892474, 19.0121,    0.062,  31.4638,  4.27763,  7.698,  2.9,19.3
SSPHOX01004,2020-07-06T03:47:29,    814, 0020, 19.1669,8.1944,8.2658,-0.846797,-0.892473, 19.0094,    0.064,  31.4677,  4.28043,  7.699,  2.9,19.3
SSPHOX01004,2020-07-06T04:07:29,    815, 0020, 19.1951,8.1936,8.2652,-0.846822,-0.892499, 19.0178,    0.065,  31.4710,  4.28344,  7.692,  3.0,19.3
SSPHOX01004,2020-07-06T04:27:29,    816, 0020, 19.2201,8.1929,8.2645,-0.846841,-0.892529, 19.0332,    0.067,  31.4744,  4.28615,  7.696,  2.9,19.3
SSPHOX01004,2020-07-06T04:47:29,    817, 0020, 19.2417,8.1926,8.2638,-0.846840,-0.892560, 19.0540,    0.068,  31.4771,  4.28847,  7.696,  3.0,19.3
SSPHOX01004,2020-07-06T05:07:29,    818, 0020, 19.2558,8.1916,8.2625,-0.846886,-0.892630, 19.0729,    0.069,  31.4802,  4.29015,  7.694,  3.0,19.3
SSPHOX01004,2020-07-06T05:27:29,    819, 0020, 19.2636,8.1913,8.2622,-0.846903,-0.892642, 19.0897,    0.069,  31.4834,  4.29126,  7.692,  3.0,19.4
SSPHOX01004,2020-07-06T05:47:29,    820, 0020, 19.2637,8.1907,8.2614,-0.846940,-0.892689, 19.1030,    0.070,  31.4876,  4.29179,  7.688,  3.0,19.4
SSPHOX01004,2020-07-06T06:07:29,    821, 0020, 19.2586,8.1916,8.2619,-0.846894,-0.892662, 19.1104,    0.069,  31.4904,  4.29166,  7.693,  3.0,19.4
SSPHOX01004,2020-07-06T06:27:29,    822, 0020, 19.2494,8.1913,8.2617,-0.846924,-0.892676, 19.1119,    0.068,  31.4948,  4.29135,  7.690,  3.0,19.4
SSPHOX01004,2020-07-06T06:47:29,    823, 0020, 19.2375,8.1916,8.2621,-0.846921,-0.892658, 19.1092,    0.067,  31.4977,  4.29060,  7.690,  3.0,19.4
SSPHOX01004,2020-07-06T07:07:29,    824, 0020, 19.2173,8.1917,8.2621,-0.846934,-0.892670, 19.1030,    0.067,  31.5018,  4.28923,  7.693,  3.0,19.4
SSPHOX01004,2020-07-06T07:27:29,    825, 0020, 19.1923,8.1936,8.2638,-0.846850,-0.892580, 19.0897,    0.066,  31.5054,  4.28736,  7.695,  3.0,19.3
SSPHOX01004,2020-07-06T07:47:29,    826, 0020, 19.1610,8.1935,8.2637,-0.846891,-0.892602, 19.0722,    0.066,  31.5094,  4.28496,  7.703,  2.9,19.3
SSPHOX01004,2020-07-06T08:07:29,    827, 0020, 19.1326,8.1939,8.2640,-0.846898,-0.892592, 19.0498,    0.065,  31.5118,  4.28264,  7.706,  3.0,19.3
SSPHOX01004,2020-07-06T08:27:29,    828, 0020, 19.0970,8.1956,8.2658,-0.846832,-0.892506, 19.0225,    0.063,  31.5157,  4.27983,  7.705,  3.0,19.3
SSPHOX01004,2020-07-06T08:47:29,    829, 0020, 19.0535,8.1962,8.2667,-0.846846,-0.892472, 18.9917,    0.063,  31.5202,  4.27636,  7.708,  2.9,19.3
SSPHOX01004,2020-07-06T09:07:29,    830, 0020, 19.0115,8.1983,8.2685,-0.846765,-0.892384, 18.9572,    0.061,  31.5229,  4.27283,  7.713,  2.9,19.2
SSPHOX01004,2020-07-06T09:27:29,    831, 0020, 18.9654,8.1997,8.2704,-0.846730,-0.892293, 18.9187,    0.061,  31.5264,  4.26900,  7.725,  2.9,19.2
SSPHOX01004,2020-07-06T09:47:29,    832, 0020, 18.9122,8.2005,8.2718,-0.846736,-0.892236, 18.8758,    0.059,  31.5304,  4.26457,  7.726,  2.9,19.1
SSPHOX01004,2020-07-06T10:07:29,    833, 0020, 18.8565,8.2033,8.2745,-0.846627,-0.892099, 18.8292,    0.057,  31.5336,  4.25983,  7.729,  2.9,19.0
SSPHOX01004,2020-07-06T10:27:29,    834, 0020, 18.7948,8.2050,8.2763,-0.846592,-0.892025, 18.7781,    0.057,  31.5381,  4.25469,  7.742,  2.9,19.0
SSPHOX01004,2020-07-06T10:47:29,    835, 0020, 18.7377,8.2060,8.2779,-0.846591,-0.891953, 18.7242,    0.056,  31.5413,  4.24982,  7.742,  2.9,19.0
SSPHOX01004,2020-07-06T11:07:29,    836, 0020, 18.6762,8.2092,8.2810,-0.846468,-0.891799, 18.6676,    0.057,  31.5451,  4.24462,  7.753,  2.8,18.9
SSPHOX01004,2020-07-06T11:27:29,    837, 0020, 18.6133,8.2101,8.2824,-0.846480,-0.891748, 18.6086,    0.059,  31.5491,  4.23931,  7.760,  2.8,18.8
SSPHOX01004,2020-07-06T11:47:29,    838, 0020, 18.5501,8.2125,8.2851,-0.846399,-0.891614, 18.5477,    0.058,  31.5530,  4.23396,  7.774,  2.8,18.7
SSPHOX01004,2020-07-06T12:07:29,    839, 0020, 18.4841,8.2142,8.2871,-0.846365,-0.891530, 18.4867,    0.057,  31.5557,  4.22821,  7.787,  2.8,18.7
SSPHOX01004,2020-07-06T12:27:29,    840, 0020, 18.4147,8.2162,8.2894,-0.846319,-0.891422, 18.4226,    0.056,  31.5612,  4.22249,  7.788,  2.7,18.6
SSPHOX01004,2020-07-06T12:47:29,    841, 0020, 18.3500,8.2184,8.2918,-0.846259,-0.891314, 18.3589,    0.058,  31.5638,  4.21685,  7.805,  2.7,18.5
SSPHOX01004,2020-07-06T13:07:29,    842, 0020, 18.2833,8.2209,8.2946,-0.846178,-0.891181, 18.2924,    0.060,  31.5676,  4.21118,  7.814,  2.7,18.5
SSPHOX01004,2020-07-06T13:27:29,    843, 0020, 18.2161,8.2225,8.2964,-0.846150,-0.891101, 18.2266,    0.060,  31.5712,  4.20543,  7.824,  2.7,18.4
SSPHOX01004,2020-07-06T13:47:29,    844, 0020, 18.1577,8.2249,8.2990,-0.846071,-0.890977, 18.1609,    0.060,  31.5745,  4.20047,  7.831,  2.7,18.4
SSPHOX01004,2020-07-06T14:07:29,    845, 0020, 18.0989,8.2268,8.3010,-0.846020,-0.890886, 18.0973,    0.061,  31.5794,  4.19565,  7.836,  2.6,18.3
SSPHOX01004,2020-07-06T14:27:29,    846, 0020, 18.0576,8.2287,8.3033,-0.845951,-0.890772, 18.0379,    0.061,  31.5815,  4.19211,  7.851,  2.7,18.3
SSPHOX01004,2020-07-06T14:47:29,    847, 0020, 18.0207,8.2298,8.3045,-0.845926,-0.890718, 17.9854,    0.060,  31.5852,  4.18916,  7.857,  2.6,18.2
SSPHOX01004,2020-07-06T15:07:29,    848, 0020, 17.9953,8.2315,8.3061,-0.845855,-0.890636, 17.9409,    0.060,  31.5889,  4.18727,  7.865,  2.6,18.1
SSPHOX01004,2020-07-06T15:27:29,    849, 0020, 17.9780,8.2318,8.3073,-0.845857,-0.890577, 17.9047,    0.059,  31.5926,  4.18612,  7.865,  2.6,18.1
SSPHOX01004,2020-07-06T15:47:29,    850, 0020, 17.9709,8.2328,8.3083,-0.845811,-0.890520, 17.8774,    0.058,  31.5959,  4.18586,  7.871,  2.6,18.1
SSPHOX01004,2020-07-06T16:07:29,    851, 0020, 17.9699,8.2330,8.3086,-0.845803,-0.890505, 17.8582,    0.059,  31.5996,  4.18622,  7.876,  2.6,18.1
SSPHOX01004,2020-07-06T16:27:29,    852, 0020, 17.9854,8.2329,8.3086,-0.845796,-0.890496, 17.8484,    0.061,  31.6021,  4.18792,  7.874,  2.6,18.1
SSPHOX01004,2020-07-06T16:47:29,    853, 0020, 18.0066,8.2322,8.3084,-0.845816,-0.890498, 17.8479,    0.060,  31.6036,  4.19005,  7.871,  2.6,18.1
SSPHOX01004,2020-07-06T17:07:29,    854, 0020, 18.0341,8.2318,8.3082,-0.845815,-0.890501, 17.8573,    0.062,  31.6066,  4.19294,  7.867,  2.6,18.1
SSPHOX01004,2020-07-06T17:27:29,    855, 0020, 18.0713,8.2320,8.3083,-0.845774,-0.890474, 17.8747,    0.063,  31.6087,  4.19661,  7.870,  2.6,18.2
SSPHOX01004,2020-07-06T17:47:29,    856, 0020, 18.1161,8.2296,8.3063,-0.845869,-0.890572, 17.9010,    0.066,  31.6102,  4.20089,  7.863,  2.6,18.2
SSPHOX01004,2020-07-06T18:07:29,    857, 0020, 18.1630,8.2286,8.3056,-0.845886,-0.890594, 17.9347,    0.068,  31.6136,  4.20560,  7.852,  2.7,18.2
SSPHOX01004,2020-07-06T18:27:29,    858, 0020, 18.2160,8.2273,8.3043,-0.845911,-0.890644, 17.9737,    0.070,  31.6161,  4.21078,  7.848,  2.6,18.3
SSPHOX01004,2020-07-06T18:47:29,    859, 0020, 18.2769,8.2255,8.3024,-0.845962,-0.890731, 18.0191,    0.073,  31.6182,  4.21664,  7.837,  2.6,18.4
SSPHOX01004,2020-07-06T19:07:29,    860, 0020, 18.3366,8.2237,8.3004,-0.846010,-0.890818, 18.0708,    0.075,  31.6208,  4.22245,  7.830,  2.7,18.4
SSPHOX01004,2020-07-06T19:27:29,    861, 0020, 18.4040,8.2210,8.2978,-0.846104,-0.890941, 18.1263,    0.075,  31.6233,  4.22895,  7.816,  2.7,18.5
SSPHOX01004,2020-07-06T19:47:29,    862, 0020, 18.4786,8.2189,8.2959,-0.846159,-0.891018, 18.1873,    0.073,  31.6253,  4.23606,  7.808,  2.7,18.5
SSPHOX01004,2020-07-06T20:07:29,    863, 0020, 18.5594,8.2165,8.2929,-0.846220,-0.891159, 18.2552,    0.075,  31.6274,  4.24376,  7.794,  2.7,18.6
SSPHOX01004,2020-07-06T20:27:29,    864, 0020, 18.6442,8.2145,8.2906,-0.846259,-0.891257, 18.3271,    0.075,  31.6291,  4.25179,  7.787,  2.8,18.7
SSPHOX01004,2020-07-06T20:47:29,    865, 0020, 18.7257,8.2129,8.2888,-0.846278,-0.891327, 18.4044,    0.074,  31.6315,  4.25959,  7.772,  2.8,18.8
SSPHOX01004,2020-07-06T21:07:29,    866, 0020, 18.7578,8.2104,8.2852,-0.846395,-0.891522, 18.4818,    0.074,  31.6349,  4.26297,  7.763,  2.8,18.8
SSPHOX01004,2020-07-06T21:27:29,    867, 0020, 18.7469,8.2096,8.2832,-0.846453,-0.891640, 18.5359,    0.072,  31.6394,  4.26252,  7.758,  2.8,18.9
SSPHOX01004,2020-07-06T21:47:29,    868, 0020, 18.8102,8.2082,8.2816,-0.846476,-0.891710, 18.5703,    0.074,  31.6414,  4.26860,  7.756,  2.8,18.9
SSPHOX01004,2020-07-06T22:07:29,    869, 0020, 18.8849,8.2061,8.2795,-0.846533,-0.891800, 18.6151,    0.075,  31.6439,  4.27580,  7.747,  2.9,19.0
SSPHOX01004,2020-07-06T22:27:29,    870, 0020, 18.9188,8.2045,8.2769,-0.846592,-0.891933, 18.6707,    0.076,  31.6470,  4.27932,  7.734,  2.9,19.0
SSPHOX01004,2020-07-06T22:47:29,    871, 0020, 18.9154,8.2041,8.2757,-0.846626,-0.892003, 18.7129,    0.074,  31.6509,  4.27947,  7.740,  2.9,19.0
SSPHOX01004,2020-07-06T23:07:29,    872, 0020, 18.9324,8.2035,8.2751,-0.846644,-0.892034, 18.7400,    0.075,  31.6536,  4.28137,  7.725,  2.9,19.0
SSPHOX01004,2020-07-06T23:27:29,    873, 0020, 18.9444,8.2038,8.2749,-0.846619,-0.892038, 18.7601,    0.074,  31.6581,  4.28303,  7.725,  2.9,19.0
SSPHOX01004,2020-07-06T23:47:29,    874, 0020, 18.9562,8.2026,8.2734,-0.846685,-0.892121, 18.7785,    0.067,  31.6617,  4.28455,  7.721,  2.9,19.1
SSPHOX01004,2020-07-07T00:07:29,    875, 0020, 18.9727,8.2021,8.2732,-0.846699,-0.892129, 18.7933,    0.064,  31.6663,  4.28665,  7.717,  2.9,19.1
SSPHOX01004,2020-07-07T00:27:29,    876, 0020, 18.9904,8.2018,8.2724,-0.846704,-0.892164, 18.8097,    0.066,  31.6697,  4.28869,  7.711,  2.9,19.1
SSPHOX01004,2020-07-07T00:47:29,    877, 0020, 19.0032,8.2017,8.2722,-0.846703,-0.892174, 18.8267,    0.065,  31.6745,  4.29045,  7.718,  2.9,19.1
SSPHOX01004,2020-07-07T01:07:29,    878, 0020, 19.0105,8.2011,8.2715,-0.846731,-0.892212, 18.8415,    0.063,  31.6777,  4.29152,  7.711,  2.9,19.1
SSPHOX01004,2020-07-07T01:27:29,    879, 0020, 19.0118,8.2002,8.2703,-0.846787,-0.892281, 18.8528,    0.063,  31.6815,  4.29209,  7.705,  2.9,19.1
SSPHOX01004,2020-07-07T01:47:29,    880, 0020, 19.0013,8.2005,8.2705,-0.846782,-0.892274, 18.8586,    0.063,  31.6872,  4.29182,  7.704,  2.9,19.1
SSPHOX01004,2020-07-07T02:07:29,    881, 0020, 19.0110,8.2013,8.2711,-0.846732,-0.892234, 18.8600,    0.064,  31.6902,  4.29308,  7.707,  2.9,19.1
SSPHOX01004,2020-07-07T02:27:29,    882, 0020, 19.0533,8.2005,8.2706,-0.846740,-0.892243, 18.8658,    0.065,  31.6930,  4.29734,  7.703,  2.9,19.1
SSPHOX01004,2020-07-07T02:47:29,    883, 0020, 19.0995,8.1986,8.2690,-0.846806,-0.892316, 18.8877,    0.065,  31.6953,  4.30191,  7.704,  3.0,19.2
SSPHOX01004,2020-07-07T03:07:29,    884, 0020, 19.1444,8.1975,8.2674,-0.846831,-0.892389, 18.9191,    0.066,  31.6987,  4.30647,  7.691,  3.0,19.3
SSPHOX01004,2020-07-07T03:27:29,    885, 0020, 19.1838,8.1963,8.2664,-0.846863,-0.892434, 18.9568,    0.067,  31.7010,  4.31041,  7.695,  3.0,19.3
SSPHOX01004,2020-07-07T03:47:29,    886, 0020, 19.2164,8.1951,8.2648,-0.846904,-0.892510, 18.9944,    0.066,  31.7038,  4.31377,  7.688,  3.0,19.3
SSPHOX01004,2020-07-07T04:07:29,    887, 0020, 19.2413,8.1945,8.2638,-0.846922,-0.892561, 19.0291,    0.066,  31.7065,  4.31642,  7.685,  3.0,19.3
SSPHOX01004,2020-07-07T04:27:29,    888, 0020, 19.2578,8.1936,8.2627,-0.846961,-0.892615, 19.0596,    0.067,  31.7094,  4.31830,  7.673,  3.0,19.4
SSPHOX01004,2020-07-07T04:47:29,    889, 0020, 19.2651,8.1930,8.2618,-0.846993,-0.892666, 19.0829,    0.068,  31.7126,  4.31937,  7.678,  3.0,19.4
SSPHOX01004,2020-07-07T05:07:29,    890, 0020, 19.2683,8.1929,8.2617,-0.846993,-0.892673, 19.1003,    0.070,  31.7160,  4.32008,  7.678,  3.0,19.4
SSPHOX01004,2020-07-07T05:27:29,    891, 0020, 19.2663,8.1931,8.2615,-0.846991,-0.892680, 19.1111,    0.071,  31.7189,  4.32024,  7.682,  3.0,19.4
SSPHOX01004,2020-07-07T05:47:29,    892, 0020, 19.2581,8.1934,8.2619,-0.846982,-0.892661, 19.1158,    0.072,  31.7224,  4.31991,  7.677,  3.0,19.4
SSPHOX01004,2020-07-07T06:07:29,    893, 0020, 19.2451,8.1939,8.2622,-0.846969,-0.892649, 19.1156,    0.071,  31.7247,  4.31899,  7.675,  3.0,19.4
SSPHOX01004,2020-07-07T06:27:29,    894, 0020, 19.2206,8.1934,8.2620,-0.847025,-0.892675, 19.1090,    0.070,  31.7289,  4.31722,  7.682,  3.0,19.4
SSPHOX01004,2020-07-07T06:47:29,    895, 0020, 19.1935,8.1943,8.2627,-0.847000,-0.892641, 19.0948,    0.069,  31.7319,  4.31508,  7.682,  3.0,19.3
SSPHOX01004,2020-07-07T07:07:29,    896, 0020, 19.1584,8.1953,8.2636,-0.846977,-0.892604, 19.0749,    0.069,  31.7350,  4.31219,  7.686,  3.0,19.3
SSPHOX01004,2020-07-07T07:27:29,    897, 0020, 19.1197,8.1962,8.2648,-0.846963,-0.892553, 19.0482,    0.069,  31.7385,  4.30902,  7.701,  3.0,19.3
SSPHOX01004,2020-07-07T07:47:29,    898, 0020, 19.0728,8.1978,8.2663,-0.846917,-0.892485, 19.0162,    0.070,  31.7426,  4.30517,  7.697,  3.0,19.3
SSPHOX01004,2020-07-07T08:07:29,    899, 0020, 19.0266,8.1993,8.2680,-0.846879,-0.892408, 18.9792,    0.069,  31.7449,  4.30117,  7.712,  3.0,19.2
SSPHOX01004,2020-07-07T08:27:29,    900, 0020, 18.9719,8.2009,8.2699,-0.846839,-0.892317, 18.9361,    0.068,  31.7502,  4.29673,  7.711,  3.0,19.2
SSPHOX01004,2020-07-07T08:47:29,    901, 0020, 18.9160,8.2022,8.2715,-0.846819,-0.892247, 18.8893,    0.067,  31.7544,  4.29205,  7.722,  2.9,19.1
SSPHOX01004,2020-07-07T09:07:29,    902, 0020, 18.8573,8.2045,8.2739,-0.846745,-0.892136, 18.8384,    0.064,  31.7579,  4.28704,  7.729,  2.9,19.0
SSPHOX01004,2020-07-07T09:27:29,    903, 0020, 18.7896,8.2064,8.2761,-0.846705,-0.892036, 18.7839,    0.062,  31.7630,  4.28137,  7.730,  2.9,19.0
SSPHOX01004,2020-07-07T09:47:29,    904, 0020, 18.7231,8.2084,8.2781,-0.846652,-0.891950, 18.7260,    0.061,  31.7667,  4.27567,  7.737,  2.9,19.0
SSPHOX01004,2020-07-07T10:07:29,    905, 0020, 18.6624,8.2109,8.2813,-0.846567,-0.891787, 18.6637,    0.060,  31.7694,  4.27036,  7.749,  2.9,18.9
SSPHOX01004,2020-07-07T10:27:29,    906, 0020, 18.5941,8.2122,8.2833,-0.846557,-0.891702, 18.6014,    0.060,  31.7738,  4.26456,  7.761,  2.8,18.8
SSPHOX01004,2020-07-07T10:47:29,    907, 0020, 18.5302,8.2139,8.2852,-0.846522,-0.891619, 18.5377,    0.061,  31.7772,  4.25906,  7.770,  2.8,18.7
SSPHOX01004,2020-07-07T11:07:29,    908, 0020, 18.4600,8.2166,8.2880,-0.846434,-0.891486, 18.4726,    0.060,  31.7800,  4.25290,  7.770,  2.8,18.7
SSPHOX01004,2020-07-07T11:27:29,    909, 0020, 18.3880,8.2194,8.2909,-0.846348,-0.891347, 18.4048,    0.059,  31.7846,  4.24679,  7.782,  2.8,18.6
SSPHOX01004,2020-07-07T11:47:29,    910, 0020, 18.3152,8.2209,8.2927,-0.846333,-0.891275, 18.3360,    0.060,  31.7887,  4.24054,  7.800,  2.8,18.5
SSPHOX01004,2020-07-07T12:07:29,    911, 0020, 18.2498,8.2234,8.2956,-0.846249,-0.891136, 18.2663,    0.059,  31.7914,  4.23482,  7.806,  2.8,18.5
SSPHOX01004,2020-07-07T12:27:29,    912, 0020, 18.1791,8.2257,8.2980,-0.846188,-0.891027, 18.1969,    0.057,  31.7959,  4.22882,  7.818,  2.7,18.4
SSPHOX01004,2020-07-07T12:47:29,    913, 0020, 18.1078,8.2280,8.3006,-0.846125,-0.890909, 18.1272,    0.054,  31.7992,  4.22262,  7.832,  2.7,18.4
SSPHOX01004,2020-07-07T13:07:29,    914, 0020, 18.0345,8.2302,8.3026,-0.846068,-0.890820, 18.0559,    0.052,  31.8036,  4.21638,  7.843,  2.7,18.2
SSPHOX01004,2020-07-07T13:27:29,    915, 0020, 17.9666,8.2324,8.3054,-0.846012,-0.890692, 17.9862,    0.051,  31.8076,  4.21059,  7.847,  2.7,18.2
SSPHOX01004,2020-07-07T13:47:29,    916, 0020, 17.9018,8.2344,8.3073,-0.845961,-0.890605, 17.9167,    0.052,  31.8115,  4.20507,  7.863,  2.6,18.1
SSPHOX01004,2020-07-07T14:07:29,    917, 0020, 17.8438,8.2369,8.3099,-0.845873,-0.890482, 17.8495,    0.054,  31.8149,  4.20012,  7.872,  2.6,18.1
SSPHOX01004,2020-07-07T14:27:29,    918, 0020, 17.7943,8.2382,8.3117,-0.845848,-0.890396, 17.7861,    0.055,  31.8185,  4.19598,  7.881,  2.6,18.0
SSPHOX01004,2020-07-07T14:47:29,    919, 0020, 17.7532,8.2401,8.3136,-0.845778,-0.890305, 17.7294,    0.056,  31.8216,  4.19255,  7.892,  2.6,17.9
SSPHOX01004,2020-07-07T15:07:29,    920, 0020, 17.7226,8.2409,8.3146,-0.845764,-0.890263, 17.6812,    0.057,  31.8255,  4.19020,  7.896,  2.6,17.9
SSPHOX01004,2020-07-07T15:27:29,    921, 0020, 17.7054,8.2428,8.3167,-0.845673,-0.890148, 17.6404,    0.058,  31.8284,  4.18895,  7.904,  2.5,17.9
SSPHOX01004,2020-07-07T15:47:29,    922, 0020, 17.6931,8.2432,8.3173,-0.845664,-0.890117, 17.6095,    0.058,  31.8310,  4.18812,  7.904,  2.5,17.8
SSPHOX01004,2020-07-07T16:07:29,    923, 0020, 17.6920,8.2436,8.3181,-0.845644,-0.890075, 17.5861,    0.060,  31.8346,  4.18844,  7.905,  2.5,17.8
SSPHOX01004,2020-07-07T16:27:29,    924, 0020, 17.7011,8.2433,8.3179,-0.845656,-0.890082, 17.5724,    0.061,  31.8368,  4.18954,  7.905,  2.5,17.8
SSPHOX01004,2020-07-07T16:47:29,    925, 0020, 17.7168,8.2434,8.3185,-0.845637,-0.890042, 17.5691,    0.062,  31.8400,  4.19136,  7.919,  2.5,17.8
SSPHOX01004,2020-07-07T17:07:29,    926, 0020, 17.7413,8.2432,8.3185,-0.845628,-0.890031, 17.5738,    0.061,  31.8427,  4.19395,  7.917,  2.6,17.8
SSPHOX01004,2020-07-07T17:27:29,    927, 0020, 17.7736,8.2423,8.3179,-0.845650,-0.890050, 17.5873,    0.062,  31.8452,  4.19722,  7.903,  2.5,17.9
SSPHOX01004,2020-07-07T17:47:29,    928, 0020, 17.8141,8.2410,8.3168,-0.845692,-0.890098, 17.6098,    0.062,  31.8475,  4.20124,  7.906,  2.6,17.9
SSPHOX01004,2020-07-07T18:07:29,    929, 0020, 17.8573,8.2400,8.3161,-0.845708,-0.890119, 17.6380,    0.063,  31.8503,  4.20555,  7.897,  2.6,17.9
SSPHOX01004,2020-07-07T18:27:29,    930, 0020, 17.9068,8.2382,8.3142,-0.845771,-0.890206, 17.6736,    0.063,  31.8523,  4.21037,  7.885,  2.6,18.0
SSPHOX01004,2020-07-07T18:47:29,    931, 0020, 17.9638,8.2366,8.3128,-0.845809,-0.890262, 17.7157,    0.064,  31.8551,  4.21596,  7.882,  2.6,18.0
SSPHOX01004,2020-07-07T19:07:29,    932, 0020, 18.0286,8.2349,8.3114,-0.845850,-0.890319, 17.7645,    0.064,  31.8568,  4.22215,  7.870,  2.6,18.1
SSPHOX01004,2020-07-07T19:27:29,    933, 0020, 18.0999,8.2331,8.3094,-0.845886,-0.890400, 17.8203,    0.064,  31.8586,  4.22897,  7.860,  2.7,18.2
SSPHOX01004,2020-07-07T19:47:29,    934, 0020, 18.1722,8.2311,8.3074,-0.845937,-0.890484, 17.8808,    0.063,  31.8604,  4.23586,  7.847,  2.7,18.2
SSPHOX01004,2020-07-07T20:07:29,    935, 0020, 18.2473,8.2286,8.3046,-0.846011,-0.890617, 17.9476,    0.065,  31.8635,  4.24319,  7.838,  2.7,18.3
SSPHOX01004,2020-07-07T20:27:29,    936, 0020, 18.3258,8.2256,8.3015,-0.846113,-0.890763, 18.0180,    0.068,  31.8654,  4.25070,  7.824,  2.7,18.4
SSPHOX01004,2020-07-07T20:47:29,    937, 0020, 18.4085,8.2240,8.2995,-0.846131,-0.890839, 18.0916,    0.071,  31.8676,  4.25862,  7.807,  2.8,18.5
SSPHOX01004,2020-07-07T21:07:29,    938, 0020, 18.4976,8.2203,8.2956,-0.846259,-0.891029, 18.1709,    0.070,  31.8684,  4.26698,  7.792,  2.8,18.5
SSPHOX01004,2020-07-07T21:27:29,    939, 0020, 18.5479,8.2185,8.2929,-0.846322,-0.891166, 18.2507,    0.067,  31.8729,  4.27219,  7.781,  2.8,18.6
SSPHOX01004,2020-07-07T21:47:29,    940, 0020, 18.5493,8.2185,8.2919,-0.846324,-0.891221, 18.3143,    0.066,  31.8762,  4.27272,  7.771,  2.8,18.7
SSPHOX01004,2020-07-07T22:07:29,    941, 0020, 18.5968,8.2173,8.2904,-0.846348,-0.891289, 18.3542,    0.066,  31.8796,  4.27753,  7.764,  2.8,18.7
SSPHOX01004,2020-07-07T22:27:29,    942, 0020, 18.6758,8.2144,8.2870,-0.846446,-0.891454, 18.4005,    0.065,  31.8819,  4.28515,  7.756,  2.8,18.7
SSPHOX01004,2020-07-07T22:47:29,    943, 0020, 18.7159,8.2128,8.2850,-0.846501,-0.891552, 18.4588,    0.064,  31.8855,  4.28930,  7.750,  2.8,18.8
SSPHOX01004,2020-07-07T23:07:29,    944, 0020, 18.7164,8.2130,8.2842,-0.846492,-0.891598, 18.5057,    0.062,  31.8899,  4.28989,  7.752,  2.9,18.8
SSPHOX01004,2020-07-07T23:27:29,    945, 0020, 18.7314,8.2113,8.2822,-0.846582,-0.891709, 18.5350,    0.061,  31.8933,  4.29169,  7.746,  2.9,18.9
SSPHOX01004,2020-07-07T23:47:29,    946, 0020, 18.7525,8.2112,8.2817,-0.846570,-0.891728, 18.5584,    0.060,  31.8979,  4.29421,  7.735,  2.9,18.9
SSPHOX01004,2020-07-08T00:07:29,    947, 0020, 18.7724,8.2100,8.2803,-0.846625,-0.891800, 18.5809,    0.058,  31.9017,  4.29652,  7.731,  2.9,18.9
SSPHOX01004,2020-07-08T00:27:29,    948, 0020, 18.7924,8.2093,8.2793,-0.846647,-0.891849, 18.6033,    0.059,  31.9060,  4.29890,  7.719,  2.9,18.9
SSPHOX01004,2020-07-08T00:47:29,    949, 0020, 18.8098,8.2091,8.2787,-0.846649,-0.891878, 18.6238,    0.059,  31.9087,  4.30083,  7.719,  2.9,18.9
SSPHOX01004,2020-07-08T01:07:29,    950, 0020, 18.8192,8.2089,8.2787,-0.846655,-0.891870, 18.6423,    0.051,  31.9135,  4.30229,  7.714,  2.9,19.0
SSPHOX01004,2020-07-08T01:27:29,    951, 0020, 18.8266,8.2085,8.2778,-0.846675,-0.891922, 18.6577,    0.049,  31.9168,  4.30338,  7.708,  2.9,19.0
SSPHOX01004,2020-07-08T01:47:29,    952, 0020, 18.8545,8.2069,8.2760,-0.846743,-0.892012, 18.6691,    0.049,  31.9200,  4.30636,  7.708,  2.9,19.0
SSPHOX01004,2020-07-08T02:07:29,    953, 0020, 18.9114,8.2065,8.2758,-0.846710,-0.892003, 18.6904,    0.049,  31.9224,  4.31195,  7.701,  2.9,19.0
SSPHOX01004,2020-07-08T02:27:29,    954, 0020, 18.9728,8.2048,8.2744,-0.846756,-0.892059, 18.7275,    0.048,  31.9255,  4.31805,  7.697,  2.9,19.0
SSPHOX01004,2020-07-08T02:47:29,    955, 0020, 19.0335,8.2023,8.2717,-0.846846,-0.892191, 18.7737,    0.046,  31.9279,  4.32400,  7.691,  3.0,19.1
SSPHOX01004,2020-07-08T03:07:29,    956, 0020, 19.0915,8.2008,8.2697,-0.846881,-0.892281, 18.8259,    0.046,  31.9310,  4.32979,  7.680,  3.0,19.2
SSPHOX01004,2020-07-08T03:27:29,    957, 0020, 19.1439,8.1995,8.2681,-0.846907,-0.892349, 18.8803,    0.047,  31.9332,  4.33495,  7.677,  3.0,19.2
SSPHOX01004,2020-07-08T03:47:29,    958, 0020, 19.1936,8.1980,8.2667,-0.846948,-0.892414, 18.9341,    0.045,  31.9352,  4.33982,  7.668,  3.0,19.3
SSPHOX01004,2020-07-08T04:07:29,    959, 0020, 19.2333,8.1958,8.2643,-0.847045,-0.892533, 18.9851,    0.045,  31.9390,  4.34399,  7.658,  3.0,19.3
SSPHOX01004,2020-07-08T04:27:29,    960, 0020, 19.2679,8.1951,8.2632,-0.847051,-0.892582, 19.0315,    0.046,  31.9404,  4.34740,  7.655,  3.0,19.3
SSPHOX01004,2020-07-08T04:47:29,    961, 0020, 19.2935,8.1937,8.2618,-0.847114,-0.892652, 19.0718,    0.049,  31.9432,  4.35012,  7.648,  3.0,19.4
SSPHOX01004,2020-07-08T05:07:29,    962, 0020, 19.3112,8.1934,8.2614,-0.847118,-0.892670, 19.1057,    0.050,  31.9461,  4.35213,  7.650,  3.1,19.4
SSPHOX01004,2020-07-08T05:27:29,    963, 0020, 19.3245,8.1928,8.2606,-0.847142,-0.892713, 19.1330,    0.051,  31.9489,  4.35371,  7.643,  3.1,19.4
SSPHOX01004,2020-07-08T05:47:29,    964, 0020, 19.3297,8.1922,8.2598,-0.847171,-0.892758, 19.1538,    0.052,  31.9517,  4.35455,  7.646,  3.1,19.4
SSPHOX01004,2020-07-08T06:07:29,    965, 0020, 19.3308,8.1918,8.2595,-0.847196,-0.892773, 19.1685,    0.050,  31.9549,  4.35504,  7.643,  3.1,19.5
SSPHOX01004,2020-07-08T06:27:29,    966, 0020, 19.3247,8.1922,8.2596,-0.847182,-0.892770, 19.1759,    0.051,  31.9575,  4.35479,  7.649,  3.1,19.4
SSPHOX01004,2020-07-08T06:47:29,    967, 0020, 19.3090,8.1927,8.2600,-0.847173,-0.892754, 19.1784,    0.050,  31.9608,  4.35373,  7.649,  3.1,19.4
SSPHOX01004,2020-07-08T07:07:29,    968, 0020, 19.2877,8.1933,8.2608,-0.847156,-0.892716, 19.1724,    0.050,  31.9640,  4.35212,  7.650,  3.1,19.4
SSPHOX01004,2020-07-08T07:27:29,    969, 0020, 19.2633,8.1930,8.2604,-0.847201,-0.892747, 19.1606,    0.050,  31.9671,  4.35022,  7.645,  3.1,19.4
SSPHOX01004,2020-07-08T07:47:29,    970, 0020, 19.2254,8.1942,8.2618,-0.847171,-0.892680, 19.1424,    0.049,  31.9715,  4.34722,  7.653,  3.1,19.4
SSPHOX01004,2020-07-08T08:07:29,    971, 0020, 19.1892,8.1951,8.2625,-0.847158,-0.892659, 19.1170,    0.047,  31.9738,  4.34412,  7.661,  3.1,19.3
SSPHOX01004,2020-07-08T08:27:29,    972, 0020, 19.1485,8.1965,8.2640,-0.847114,-0.892588, 19.0855,    0.046,  31.9774,  4.34074,  7.662,  3.1,19.3
SSPHOX01004,2020-07-08T08:47:29,    973, 0020, 19.1029,8.1978,8.2655,-0.847087,-0.892518, 19.0504,    0.046,  31.9805,  4.33686,  7.667,  3.0,19.3
SSPHOX01004,2020-07-08T09:07:29,    974, 0020, 19.0537,8.1991,8.2671,-0.847059,-0.892448, 19.0106,    0.045,  31.9847,  4.33278,  7.672,  3.0,19.2
SSPHOX01004,2020-07-08T09:27:29,    975, 0020, 19.0011,8.2008,8.2692,-0.847012,-0.892349, 18.9671,    0.045,  31.9878,  4.32824,  7.673,  3.0,19.2
SSPHOX01004,2020-07-08T09:47:29,    976, 0020, 18.9464,8.2024,8.2705,-0.846976,-0.892294, 18.9189,    0.044,  31.9913,  4.32356,  7.686,  3.0,19.1
SSPHOX01004,2020-07-08T10:07:29,    977, 0020, 18.8861,8.2043,8.2732,-0.846922,-0.892163, 18.8676,    0.043,  31.9959,  4.31848,  7.696,  3.0,19.1
SSPHOX01004,2020-07-08T10:27:29,    978, 0020, 18.8282,8.2060,8.2753,-0.846882,-0.892067, 18.8136,    0.043,  31.9991,  4.31346,  7.695,  3.0,19.0
SSPHOX01004,2020-07-08T10:47:29,    979, 0020, 18.7672,8.2083,8.2779,-0.846808,-0.891939, 18.7578,    0.042,  32.0025,  4.30819,  7.711,  3.0,19.0
SSPHOX01004,2020-07-08T11:07:29,    980, 0020, 18.7021,8.2106,8.2802,-0.846744,-0.891833, 18.6988,    0.041,  32.0067,  4.30262,  7.715,  2.9,18.9
SSPHOX01004,2020-07-08T11:27:29,    981, 0020, 18.6407,8.2121,8.2824,-0.846716,-0.891735, 18.6395,    0.041,  32.0097,  4.29726,  7.721,  2.9,18.8
SSPHOX01004,2020-07-08T11:47:29,    982, 0020, 18.5771,8.2145,8.2850,-0.846639,-0.891608, 18.5777,    0.040,  32.0140,  4.29184,  7.735,  2.9,18.8
SSPHOX01004,2020-07-08T12:07:29,    983, 0020, 18.5136,8.2159,8.2867,-0.846624,-0.891537, 18.5162,    0.041,  32.0181,  4.28642,  7.745,  2.9,18.7
SSPHOX01004,2020-07-08T12:27:29,    984, 0020, 18.4494,8.2180,8.2889,-0.846565,-0.891439, 18.4531,    0.043,  32.0213,  4.28082,  7.756,  2.8,18.7
SSPHOX01004,2020-07-08T12:47:29,    985, 0020, 18.3811,8.2201,8.2913,-0.846511,-0.891327, 18.3894,    0.043,  32.0255,  4.27497,  7.761,  2.8,18.6
SSPHOX01004,2020-07-08T13:07:29,    986, 0020, 18.3171,8.2232,8.2944,-0.846392,-0.891175, 18.3244,    0.044,  32.0281,  4.26932,  7.773,  2.8,18.5
SSPHOX01004,2020-07-08T13:27:29,    987, 0020, 18.2503,8.2246,8.2963,-0.846381,-0.891094, 18.2593,    0.043,  32.0328,  4.26367,  7.782,  2.8,18.5
SSPHOX01004,2020-07-08T13:47:29,    988, 0020, 18.1872,8.2272,8.2985,-0.846294,-0.890996, 18.1934,    0.044,  32.0360,  4.25816,  7.793,  2.8,18.4
SSPHOX01004,2020-07-08T14:07:29,    989, 0020, 18.1307,8.2291,8.3008,-0.846237,-0.890884, 18.1300,    0.041,  32.0397,  4.25336,  7.807,  2.7,18.4
SSPHOX01004,2020-07-08T14:27:29,    990, 0020, 18.0805,8.2307,8.3028,-0.846196,-0.890791, 18.0695,    0.039,  32.0430,  4.24907,  7.804,  2.7,18.3
SSPHOX01004,2020-07-08T14:47:29,    991, 0020, 18.0414,8.2314,8.3037,-0.846195,-0.890753, 18.0144,    0.038,  32.0465,  4.24586,  7.817,  2.7,18.2
SSPHOX01004,2020-07-08T15:07:29,    992, 0020, 18.0135,8.2332,8.3058,-0.846116,-0.890646, 17.9662,    0.037,  32.0491,  4.24358,  7.823,  2.7,18.2
SSPHOX01004,2020-07-08T15:27:29,    993, 0020, 17.9920,8.2344,8.3068,-0.846075,-0.890599, 17.9266,    0.037,  32.0535,  4.24210,  7.830,  2.7,18.1
SSPHOX01004,2020-07-08T15:47:29,    994, 0020, 17.9879,8.2345,8.3075,-0.846074,-0.890560, 17.8961,    0.037,  32.0554,  4.24195,  7.833,  2.7,18.1
SSPHOX01004,2020-07-08T16:07:29,    995, 0020, 17.9934,8.2347,8.3077,-0.846061,-0.890545, 17.8763,    0.039,  32.0583,  4.24279,  7.831,  2.7,18.1
SSPHOX01004,2020-07-08T16:27:29,    996, 0020, 18.0101,8.2338,8.3073,-0.846098,-0.890560, 17.8691,    0.039,  32.0611,  4.24468,  7.841,  2.7,18.1
SSPHOX01004,2020-07-08T16:47:29,    997, 0020, 18.0386,8.2348,8.3085,-0.846014,-0.890480, 17.8702,    0.039,  32.0625,  4.24750,  7.832,  2.7,18.1
SSPHOX01004,2020-07-08T17:07:29,    998, 0020, 18.0746,8.2333,8.3073,-0.846070,-0.890536, 17.8851,    0.040,  32.0654,  4.25119,  7.829,  2.7,18.2
SSPHOX01004,2020-07-08T17:27:29,    999, 0020, 18.1195,8.2319,8.3058,-0.846112,-0.890599, 17.9076,    0.041,  32.0675,  4.25561,  7.824,  2.7,18.2
SSPHOX01004,2020-07-08T17:47:29,   1000, 0020, 18.1756,8.2300,8.3044,-0.846165,-0.890657, 17.9409,    0.045,  32.0696,  4.26108,  7.814,  2.7,18.3
SSPHOX01004,2020-07-08T18:07:29,   1001, 0020, 18.2416,8.2280,8.3026,-0.846221,-0.890736, 17.9851,    0.047,  32.0705,  4.26734,  7.808,  2.7,18.3
SSPHOX01004,2020-07-08T18:27:29,   1002, 0020, 18.3175,8.2263,8.3008,-0.846247,-0.890806, 18.0366,    0.051,  32.0725,  4.27466,  7.798,  2.7,18.4
SSPHOX01004,2020-07-08T18:40:26,   1003, 0020, 18.3684,8.2244,8.2991,-0.846316,-0.890885, 18.0762,    0.053,  32.0740,  4.27958,  7.792,  2.7,18.7
SSPHOX01004,2020-07-08T19:00:26,   1004, 0020, 18.4505,8.2225,8.2967,-0.846351,-0.890986, 18.1441,    0.053,  32.0766,  4.28755,  7.771,  2.8,18.5
SSPHOX01004,2020-07-08T19:20:26,   1005, 0020, 18.5405,8.2208,8.2952,-0.846365,-0.891037, 18.2188,    0.051,  32.0776,  4.29606,  7.757,  2.8,18.6
SSPHOX01004,2020-07-08T19:40:26,   1006, 0020, 18.6329,8.2173,8.2914,-0.846478,-0.891214, 18.2999,    0.052,  32.0798,  4.30495,  7.748,  2.8,18.7
SSPHOX01004,2020-07-08T20:00:26,   1007, 0020, 18.7066,8.2148,8.2883,-0.846556,-0.891366, 18.3851,    0.052,  32.0820,  4.31209,  7.732,  2.9,18.7
SSPHOX01004,2020-07-08T20:20:26,   1008, 0020, 18.7191,8.2127,8.2854,-0.846672,-0.891527, 18.4597,    0.050,  32.0864,  4.31379,  7.724,  2.9,18.8
SSPHOX01004,2020-07-08T20:40:26,   1009, 0020, 18.7437,8.2115,8.2832,-0.846720,-0.891643, 18.5105,    0.049,  32.0897,  4.31649,  7.726,  2.9,18.8
SSPHOX01004,2020-07-08T21:00:26,   1010, 0020, 18.7813,8.2107,8.2822,-0.846731,-0.891686, 18.5502,    0.049,  32.0920,  4.32029,  7.713,  2.9,18.9
SSPHOX01004,2020-07-08T21:20:26,   1011, 0020, 18.8164,8.2099,8.2812,-0.846750,-0.891732, 18.5893,    0.048,  32.0966,  4.32412,  7.704,  2.9,18.9
SSPHOX01004,2020-07-08T21:40:26,   1012, 0020, 18.8542,8.2090,8.2796,-0.846766,-0.891807, 18.6264,    0.049,  32.0987,  4.32792,  7.692,  3.0,19.0
SSPHOX01004,2020-07-08T22:00:26,   1013, 0020, 18.8895,8.2079,8.2780,-0.846798,-0.891881, 18.6633,    0.049,  32.1021,  4.33164,  7.690,  3.0,19.0
SSPHOX01004,2020-07-08T22:20:26,   1014, 0020, 18.9304,8.2065,8.2760,-0.846847,-0.891981, 18.7006,    0.049,  32.1053,  4.33585,  7.682,  3.0,19.0
SSPHOX01004,2020-07-08T22:40:26,   1015, 0020, 18.9763,8.2053,8.2750,-0.846875,-0.892024, 18.7394,    0.039,  32.1069,  4.34034,  7.676,  3.0,19.1
SSPHOX01004,2020-07-08T23:00:26,   1016, 0020, 19.0202,8.2034,8.2728,-0.846944,-0.892128, 18.7812,    0.035,  32.1112,  4.34497,  7.665,  3.0,19.1
SSPHOX01004,2020-07-08T23:20:26,   1017, 0020, 19.0669,8.2017,8.2708,-0.847002,-0.892228, 18.8256,    0.034,  32.1139,  4.34968,  7.659,  3.0,19.2
SSPHOX01004,2020-07-08T23:40:26,   1018, 0020, 19.1080,8.2007,8.2692,-0.847023,-0.892302, 18.8690,    0.031,  32.1175,  4.35397,  7.636,  3.0,19.2
SSPHOX01004,2020-07-09T00:00:26,   1019, 0020, 19.1419,8.1992,8.2677,-0.847082,-0.892374, 18.9117,    0.029,  32.1208,  4.35754,  7.606,  3.1,19.3
SSPHOX01004,2020-07-09T00:20:26,   1020, 0020, 19.1700,8.1987,8.2671,-0.847087,-0.892396, 18.9497,    0.030,  32.1242,  4.36060,  7.609,  3.1,19.3
SSPHOX01004,2020-07-09T00:40:26,   1021, 0020, 19.1867,8.1982,8.2662,-0.847105,-0.892443, 18.9829,    0.031,  32.1266,  4.36245,  7.611,  3.1,19.3
SSPHOX01004,2020-07-09T01:00:26,   1022, 0020, 19.1979,8.1974,8.2653,-0.847143,-0.892492, 19.0077,    0.030,  32.1320,  4.36416,  7.614,  3.1,19.3
SSPHOX01004,2020-07-09T01:20:26,   1023, 0020, 19.2105,8.1963,8.2644,-0.847198,-0.892535, 19.0281,    0.029,  32.1350,  4.36571,  7.617,  3.1,19.3
SSPHOX01004,2020-07-09T03:01:12,   1024, 0020, 19.3124,8.1941,8.2619,-0.847241,-0.892639, 19.0987,    0.030,  32.1516,  4.37730,  7.599,  3.1,19.6
SSPHOX01004,2020-07-09T03:21:12,   1025, 0020, 19.3490,8.1934,8.2611,-0.847249,-0.892670, 19.1314,    0.030,  32.1542,  4.38106,  7.613,  3.1,19.5
SSPHOX01004,2020-07-09T03:41:12,   1026, 0020, 19.3781,8.1917,8.2593,-0.847325,-0.892766, 19.1649,    0.031,  32.1563,  4.38405,  7.610,  3.1,19.5
SSPHOX01004,2020-07-09T04:01:12,   1027, 0020, 19.3976,8.1915,8.2587,-0.847318,-0.892789, 19.1951,    0.031,  32.1595,  4.38627,  7.610,  3.2,19.5
SSPHOX01004,2020-07-09T04:21:12,   1028, 0020, 19.4090,8.1902,8.2570,-0.847389,-0.892882, 19.2211,    0.032,  32.1623,  4.38769,  7.612,  3.2,19.5
SSPHOX01004,2020-07-09T04:41:12,   1029, 0020, 19.4110,8.1899,8.2567,-0.847406,-0.892901, 19.2391,    0.033,  32.1658,  4.38830,  7.603,  3.1,19.6
SSPHOX01004,2020-07-09T05:01:12,   1030, 0020, 19.4045,8.1903,8.2568,-0.847389,-0.892898, 19.2515,    0.034,  32.1690,  4.38808,  7.608,  3.2,19.6
SSPHOX01004,2020-07-09T05:21:12,   1031, 0020, 19.3934,8.1909,8.2575,-0.847370,-0.892864, 19.2557,    0.035,  32.1720,  4.38741,  7.607,  3.1,19.6
SSPHOX01004,2020-07-09T05:41:12,   1032, 0020, 19.3732,8.1908,8.2574,-0.847396,-0.892873, 19.2530,    0.037,  32.1755,  4.38593,  7.612,  3.2,19.5
SSPHOX01004,2020-07-09T06:01:12,   1033, 0020, 19.3505,8.1915,8.2582,-0.847379,-0.892836, 19.2422,    0.037,  32.1780,  4.38410,  7.615,  3.2,19.5
SSPHOX01004,2020-07-09T06:21:12,   1034, 0020, 19.3200,8.1922,8.2585,-0.847372,-0.892833, 19.2267,    0.037,  32.1816,  4.38167,  7.617,  3.1,19.5
SSPHOX01004,2020-07-09T06:41:12,   1035, 0020, 19.2828,8.1933,8.2596,-0.847344,-0.892785, 19.2039,    0.039,  32.1851,  4.37859,  7.617,  3.1,19.4
SSPHOX01004,2020-07-09T07:01:12,   1036, 0020, 19.2408,8.1940,8.2607,-0.847345,-0.892737, 19.1759,    0.040,  32.1890,  4.37512,  7.628,  3.1,19.4
SSPHOX01004,2020-07-09T07:21:12,   1037, 0020, 19.1994,8.1951,8.2619,-0.847322,-0.892687, 19.1415,    0.040,  32.1919,  4.37158,  7.638,  3.1,19.4
SSPHOX01004,2020-07-09T07:41:12,   1038, 0020, 19.1491,8.1972,8.2639,-0.847255,-0.892594, 19.1041,    0.039,  32.1950,  4.36724,  7.642,  3.1,19.3
SSPHOX01004,2020-07-09T08:01:12,   1039, 0020, 19.0937,8.1978,8.2652,-0.847271,-0.892538, 19.0608,    0.038,  32.1988,  4.36249,  7.646,  3.1,19.3
SSPHOX01004,2020-07-09T08:21:12,   1040, 0020, 19.0331,8.1993,8.2669,-0.847244,-0.892468, 19.0127,    0.041,  32.2029,  4.35729,  7.662,  3.1,19.3
SSPHOX01004,2020-07-09T08:41:12,   1041, 0020, 18.9702,8.2026,8.2704,-0.847114,-0.892288, 18.9593,    0.040,  32.2052,  4.35166,  7.669,  3.0,19.2
SSPHOX01004,2020-07-09T09:01:12,   1042, 0020, 18.9017,8.2042,8.2722,-0.847093,-0.892212, 18.9016,    0.038,  32.2093,  4.34572,  7.673,  3.0,19.1
SSPHOX01004,2020-07-09T09:21:12,   1043, 0020, 18.8300,8.2067,8.2752,-0.847020,-0.892071, 18.8393,    0.036,  32.2132,  4.33946,  7.685,  3.0,19.0
SSPHOX01004,2020-07-09T09:41:12,   1044, 0020, 18.7521,8.2087,8.2776,-0.846977,-0.891963, 18.7728,    0.037,  32.2171,  4.33262,  7.693,  3.0,19.0
SSPHOX01004,2020-07-09T10:01:12,   1045, 0020, 18.6753,8.2108,8.2802,-0.846928,-0.891847, 18.7027,    0.036,  32.2205,  4.32582,  7.707,  2.9,18.9
SSPHOX01004,2020-07-09T10:21:12,   1046, 0020, 18.6016,8.2130,8.2825,-0.846876,-0.891746, 18.6296,    0.037,  32.2241,  4.31935,  7.716,  2.9,18.8
SSPHOX01004,2020-07-09T10:41:12,   1047, 0020, 18.5264,8.2156,8.2857,-0.846798,-0.891589, 18.5564,    0.036,  32.2282,  4.31279,  7.729,  2.9,18.7
SSPHOX01004,2020-07-09T11:01:12,   1048, 0020, 18.4495,8.2181,8.2882,-0.846733,-0.891477, 18.4814,    0.036,  32.2318,  4.30602,  7.745,  2.9,18.7
SSPHOX01004,2020-07-09T11:21:12,   1049, 0020, 18.3753,8.2198,8.2904,-0.846705,-0.891381, 18.4068,    0.036,  32.2351,  4.29947,  7.748,  2.9,18.6
SSPHOX01004,2020-07-09T11:41:12,   1050, 0020, 18.3006,8.2223,8.2932,-0.846632,-0.891250, 18.3321,    0.035,  32.2387,  4.29290,  7.760,  2.8,18.5
SSPHOX01004,2020-07-09T12:01:12,   1051, 0020, 18.2292,8.2252,8.2963,-0.846535,-0.891103, 18.2570,    0.032,  32.2419,  4.28660,  7.769,  2.8,18.4
SSPHOX01004,2020-07-09T12:21:12,   1052, 0020, 18.1553,8.2279,8.2991,-0.846453,-0.890974, 18.1838,    0.029,  32.2467,  4.28026,  7.783,  2.8,18.4
SSPHOX01004,2020-07-09T12:41:12,   1053, 0020, 18.0930,8.2302,8.3015,-0.846384,-0.890859, 18.1112,    0.027,  32.2500,  4.27482,  7.790,  2.8,18.3
SSPHOX01004,2020-07-09T13:01:12,   1054, 0020, 18.0257,8.2325,8.3035,-0.846317,-0.890774, 18.0419,    0.025,  32.2528,  4.26886,  7.804,  2.8,18.2
SSPHOX01004,2020-07-09T13:21:12,   1055, 0020, 17.9638,8.2337,8.3052,-0.846305,-0.890704, 17.9744,    0.023,  32.2567,  4.26353,  7.803,  2.7,18.1
SSPHOX01004,2020-07-09T13:41:12,   1056, 0020, 17.9045,8.2356,8.3075,-0.846255,-0.890597, 17.9086,    0.022,  32.2600,  4.25839,  7.820,  2.7,18.1
SSPHOX01004,2020-07-09T14:01:12,   1057, 0020, 17.8486,8.2381,8.3098,-0.846167,-0.890484, 17.8465,    0.023,  32.2636,  4.25359,  7.829,  2.7,18.1
SSPHOX01004,2020-07-09T14:21:12,   1058, 0020, 17.7997,8.2396,8.3117,-0.846132,-0.890399, 17.7867,    0.024,  32.2665,  4.24936,  7.841,  2.7,18.0
SSPHOX01004,2020-07-09T14:41:12,   1059, 0020, 17.7579,8.2406,8.3126,-0.846113,-0.890360, 17.7318,    0.025,  32.2700,  4.24588,  7.841,  2.6,17.9
SSPHOX01004,2020-07-09T15:01:12,   1060, 0020, 17.7304,8.2415,8.3139,-0.846090,-0.890296, 17.6841,    0.027,  32.2726,  4.24361,  7.854,  2.6,17.9
SSPHOX01004,2020-07-09T15:21:12,   1061, 0020, 17.7104,8.2423,8.3152,-0.846064,-0.890236, 17.6453,    0.028,  32.2760,  4.24215,  7.856,  2.6,17.9
SSPHOX01004,2020-07-09T15:41:12,   1062, 0020, 17.7031,8.2436,8.3167,-0.845997,-0.890151, 17.6144,    0.029,  32.2785,  4.24175,  7.861,  2.6,17.8
SSPHOX01004,2020-07-09T16:01:12,   1063, 0020, 17.7054,8.2442,8.3172,-0.845967,-0.890121, 17.5934,    0.029,  32.2813,  4.24231,  7.857,  2.6,17.8
SSPHOX01004,2020-07-09T16:21:12,   1064, 0020, 17.7200,8.2446,8.3179,-0.845931,-0.890073, 17.5836,    0.030,  32.2838,  4.24396,  7.862,  2.6,17.8
SSPHOX01004,2020-07-09T16:41:12,   1065, 0020, 17.7453,8.2435,8.3171,-0.845969,-0.890106, 17.5838,    0.031,  32.2862,  4.24660,  7.863,  2.6,17.8
SSPHOX01004,2020-07-09T17:01:12,   1066, 0020, 17.7810,8.2428,8.3165,-0.845983,-0.890129, 17.5956,    0.032,  32.2885,  4.25021,  7.856,  2.6,17.9
SSPHOX01004,2020-07-09T17:21:12,   1067, 0020, 17.8251,8.2414,8.3157,-0.846021,-0.890154, 17.6168,    0.033,  32.2904,  4.25455,  7.861,  2.6,17.9
SSPHOX01004,2020-07-09T17:41:12,   1068, 0020, 17.8774,8.2400,8.3145,-0.846055,-0.890203, 17.6478,    0.034,  32.2920,  4.25963,  7.843,  2.7,18.0
SSPHOX01004,2020-07-09T18:01:12,   1069, 0020, 17.9381,8.2384,8.3132,-0.846091,-0.890253, 17.6888,    0.034,  32.2939,  4.26553,  7.839,  2.7,18.0
SSPHOX01004,2020-07-09T18:21:12,   1070, 0020, 18.0050,8.2368,8.3115,-0.846119,-0.890318, 17.7385,    0.036,  32.2958,  4.27202,  7.827,  2.7,18.1
SSPHOX01004,2020-07-09T18:41:12,   1071, 0020, 18.0792,8.2344,8.3096,-0.846189,-0.890399, 17.7937,    0.037,  32.2962,  4.27901,  7.819,  2.7,18.1
SSPHOX01004,2020-07-09T19:01:12,   1072, 0020, 18.1548,8.2316,8.3065,-0.846286,-0.890545, 17.8575,    0.037,  32.2993,  4.28646,  7.814,  2.8,18.2
SSPHOX01004,2020-07-09T19:21:12,   1073, 0020, 18.2353,8.2294,8.3045,-0.846336,-0.890628, 17.9262,    0.038,  32.3017,  4.29429,  7.798,  2.8,18.3
SSPHOX01004,2020-07-09T19:41:12,   1074, 0020, 18.3208,8.2271,8.3019,-0.846388,-0.890739, 18.0008,    0.040,  32.3035,  4.30252,  7.783,  2.8,18.4
SSPHOX01004,2020-07-09T20:01:12,   1075, 0020, 18.4117,8.2232,8.2978,-0.846529,-0.890940, 18.0798,    0.044,  32.3054,  4.31126,  7.771,  2.8,18.4
SSPHOX01004,2020-07-09T20:21:12,   1076, 0020, 18.4996,8.2215,8.2956,-0.846547,-0.891028, 18.1636,    0.048,  32.3074,  4.31976,  7.760,  2.8,18.6
SSPHOX01004,2020-07-09T20:41:12,   1077, 0020, 18.5151,8.2192,8.2922,-0.846672,-0.891222, 18.2449,    0.049,  32.3115,  4.32170,  7.749,  2.9,18.6
SSPHOX01004,2020-07-09T21:01:12,   1078, 0020, 18.5686,8.2181,8.2907,-0.846687,-0.891287, 18.3014,    0.048,  32.3138,  4.32701,  7.736,  2.9,18.7
SSPHOX01004,2020-07-09T21:21:12,   1079, 0020, 18.6584,8.2156,8.2878,-0.846744,-0.891414, 18.3585,    0.048,  32.3149,  4.33557,  7.728,  2.9,18.7
SSPHOX01004,2020-07-09T21:41:12,   1080, 0020, 18.7103,8.2139,8.2853,-0.846797,-0.891536, 18.4267,    0.047,  32.3189,  4.34094,  7.720,  2.9,18.8
SSPHOX01004,2020-07-09T22:01:12,   1081, 0020, 18.7276,8.2125,8.2834,-0.846867,-0.891638, 18.4853,    0.047,  32.3210,  4.34282,  7.717,  2.9,18.8
SSPHOX01004,2020-07-09T22:21:12,   1082, 0020, 18.7646,8.2119,8.2820,-0.846866,-0.891705, 18.5290,    0.047,  32.3244,  4.34672,  7.704,  2.9,18.9
SSPHOX01004,2020-07-09T22:41:12,   1083, 0020, 18.8089,8.2099,8.2800,-0.846944,-0.891802, 18.5703,    0.047,  32.3276,  4.35126,  7.696,  2.9,18.9
SSPHOX01004,2020-07-09T23:01:12,   1084, 0020, 18.8585,8.2084,8.2779,-0.846986,-0.891904, 18.6131,    0.048,  32.3295,  4.35616,  7.694,  3.0,19.0
SSPHOX01004,2020-07-09T23:21:12,   1085, 0020, 18.9009,8.2068,8.2761,-0.847045,-0.891987, 18.6578,    0.046,  32.3337,  4.36066,  7.687,  3.0,19.0
SSPHOX01004,2020-07-09T23:41:12,   1086, 0020, 18.9445,8.2051,8.2742,-0.847104,-0.892079, 18.7014,    0.047,  32.3357,  4.36502,  7.684,  3.0,19.0
SSPHOX01004,2020-07-10T00:01:12,   1087, 0020, 18.9869,8.2033,8.2721,-0.847169,-0.892184, 18.7457,    0.047,  32.3393,  4.36944,  7.680,  3.0,19.0
SSPHOX01004,2020-07-10T00:21:12,   1088, 0020, 19.0254,8.2030,8.2715,-0.847153,-0.892205, 18.7890,    0.047,  32.3421,  4.37342,  7.665,  3.0,19.1
SSPHOX01004,2020-07-10T00:41:12,   1089, 0020, 19.0595,8.2012,8.2696,-0.847230,-0.892300, 18.8300,    0.048,  32.3454,  4.37703,  7.660,  3.1,19.1
SSPHOX01004,2020-07-10T01:01:12,   1090, 0020, 19.0883,8.2004,8.2687,-0.847250,-0.892341, 18.8680,    0.047,  32.3483,  4.38010,  7.658,  3.1,19.2
SSPHOX01004,2020-07-10T01:21:12,   1091, 0020, 19.1127,8.1990,8.2672,-0.847312,-0.892417, 18.9016,    0.048,  32.3518,  4.38283,  7.653,  3.1,19.2
SSPHOX01004,2020-07-10T01:41:12,   1092, 0020, 19.1289,8.1989,8.2664,-0.847305,-0.892457, 18.9313,    0.048,  32.3557,  4.38482,  7.647,  3.1,19.2
SSPHOX01004,2020-07-10T02:01:12,   1093, 0020, 19.1354,8.1987,8.2665,-0.847315,-0.892448, 18.9534,    0.049,  32.3589,  4.38583,  7.647,  3.1,19.3
SSPHOX01004,2020-07-10T02:21:12,   1094, 0020, 19.1372,8.1980,8.2654,-0.847353,-0.892509, 18.9706,    0.049,  32.3625,  4.38643,  7.649,  3.1,19.3
SSPHOX01004,2020-07-10T02:41:12,   1095, 0020, 19.1643,8.1976,8.2654,-0.847356,-0.892498, 18.9813,    0.050,  32.3642,  4.38919,  7.642,  3.1,19.3
SSPHOX01004,2020-07-10T03:01:12,   1096, 0020, 19.2133,8.1964,8.2644,-0.847381,-0.892536, 19.0005,    0.052,  32.3670,  4.39417,  7.639,  3.1,19.3
SSPHOX01004,2020-07-10T03:21:12,   1097, 0020, 19.2665,8.1940,8.2623,-0.847468,-0.892635, 19.0324,    0.054,  32.3687,  4.39939,  7.638,  3.1,19.3
SSPHOX01004,2020-07-10T03:41:12,   1098, 0020, 19.3157,8.1924,8.2604,-0.847517,-0.892723, 19.0730,    0.056,  32.3716,  4.40441,  7.627,  3.1,19.4
SSPHOX01004,2020-07-10T04:01:12,   1099, 0020, 19.3576,8.1912,8.2592,-0.847548,-0.892776, 19.1166,    0.058,  32.3742,  4.40869,  7.629,  3.1,19.4
SSPHOX01004,2020-07-10T04:21:12,   1100, 0020, 19.3906,8.1899,8.2575,-0.847595,-0.892864, 19.1595,    0.060,  32.3771,  4.41215,  7.621,  3.2,19.5
SSPHOX01004,2020-07-10T04:41:12,   1101, 0020, 19.4198,8.1890,8.2563,-0.847623,-0.892923, 19.1981,    0.061,  32.3797,  4.41523,  7.612,  3.2,19.5
SSPHOX01004,2020-07-10T05:01:12,   1102, 0020, 19.4424,8.1881,8.2554,-0.847655,-0.892961, 19.2321,    0.063,  32.3827,  4.41774,  7.618,  3.2,19.6
SSPHOX01004,2020-07-10T05:21:12,   1103, 0020, 19.4599,8.1875,8.2547,-0.847680,-0.892998, 19.2622,    0.064,  32.3849,  4.41966,  7.613,  3.2,19.6
SSPHOX01004,2020-07-10T05:41:12,   1104, 0020, 19.4658,8.1868,8.2539,-0.847717,-0.893039, 19.2851,    0.064,  32.3883,  4.42064,  7.612,  3.2,19.6
SSPHOX01004,2020-07-10T06:01:12,   1105, 0020, 19.4655,8.1862,8.2533,-0.847752,-0.893073, 19.3008,    0.066,  32.3910,  4.42095,  7.617,  3.2,19.6
SSPHOX01004,2020-07-10T06:21:12,   1106, 0020, 19.4604,8.1865,8.2533,-0.847741,-0.893079, 19.3101,    0.065,  32.3940,  4.42081,  7.618,  3.2,19.6
SSPHOX01004,2020-07-10T06:41:12,   1107, 0020, 19.4503,8.1861,8.2529,-0.847776,-0.893106, 19.3132,    0.066,  32.3972,  4.42025,  7.618,  3.2,19.6
SSPHOX01004,2020-07-10T07:01:12,   1108, 0020, 19.4363,8.1867,8.2534,-0.847757,-0.893079, 19.3107,    0.066,  32.4002,  4.41930,  7.624,  3.2,19.6
SSPHOX01004,2020-07-10T07:21:12,   1109, 0020, 19.4145,8.1874,8.2545,-0.847744,-0.893027, 19.3023,    0.066,  32.4035,  4.41763,  7.623,  3.2,19.6
SSPHOX01004,2020-07-10T07:41:12,   1110, 0020, 19.3920,8.1880,8.2548,-0.847732,-0.893019, 19.2892,    0.065,  32.4063,  4.41584,  7.621,  3.2,19.6
SSPHOX01004,2020-07-10T08:01:12,   1111, 0020, 19.3625,8.1889,8.2558,-0.847707,-0.892975, 19.2715,    0.064,  32.4091,  4.41339,  7.625,  3.2,19.5
SSPHOX01004,2020-07-10T08:21:12,   1112, 0020, 19.3287,8.1887,8.2563,-0.847753,-0.892958, 19.2479,    0.062,  32.4122,  4.41057,  7.632,  3.2,19.5
SSPHOX01004,2020-07-10T08:41:12,   1113, 0020, 19.2895,8.1906,8.2581,-0.847681,-0.892868, 19.2201,    0.060,  32.4159,  4.40732,  7.632,  3.2,19.5
SSPHOX01004,2020-07-10T09:01:12,   1114, 0020, 19.2474,8.1913,8.2588,-0.847686,-0.892847, 19.1887,    0.061,  32.4196,  4.40378,  7.647,  3.2,19.4
SSPHOX01004,2020-07-10T09:21:12,   1115, 0020, 19.2033,8.1925,8.2603,-0.847659,-0.892780, 19.1509,    0.060,  32.4229,  4.40001,  7.642,  3.1,19.4
SSPHOX01004,2020-07-10T09:41:12,   1116, 0020, 19.1528,8.1940,8.2617,-0.847621,-0.892719, 19.1129,    0.060,  32.4264,  4.39565,  7.646,  3.2,19.3
SSPHOX01004,2020-07-10T10:01:12,   1117, 0020, 19.1041,8.1952,8.2634,-0.847603,-0.892639, 19.0681,    0.061,  32.4290,  4.39137,  7.654,  3.1,19.3
SSPHOX01004,2020-07-10T10:21:12,   1118, 0020, 19.0467,8.1966,8.2650,-0.847576,-0.892570, 19.0207,    0.061,  32.4325,  4.38635,  7.667,  3.1,19.3
SSPHOX01004,2020-07-10T10:41:12,   1119, 0020, 18.9887,8.1981,8.2669,-0.847546,-0.892485, 18.9700,    0.060,  32.4358,  4.38128,  7.674,  3.1,19.2
SSPHOX01004,2020-07-10T11:01:12,   1120, 0020, 18.9300,8.2007,8.2698,-0.847458,-0.892344, 18.9160,    0.063,  32.4400,  4.37624,  7.683,  3.1,19.1
SSPHOX01004,2020-07-10T11:21:12,   1121, 0020, 18.8710,8.2024,8.2717,-0.847419,-0.892255, 18.8610,    0.064,  32.4443,  4.37118,  7.694,  3.1,19.1
SSPHOX01004,2020-07-10T11:41:12,   1122, 0020, 18.8125,8.2047,8.2747,-0.847341,-0.892110, 18.8042,    0.062,  32.4477,  4.36608,  7.695,  3.0,19.0
SSPHOX01004,2020-07-10T12:01:12,   1123, 0020, 18.7470,8.2062,8.2765,-0.847317,-0.892032, 18.7459,    0.059,  32.4507,  4.36025,  7.707,  3.0,19.0
SSPHOX01004,2020-07-10T12:21:12,   1124, 0020, 18.6838,8.2078,8.2781,-0.847289,-0.891965, 18.6858,    0.056,  32.4548,  4.35477,  7.720,  3.0,18.9
SSPHOX01004,2020-07-10T12:41:12,   1125, 0020, 18.6166,8.2093,8.2801,-0.847266,-0.891877, 18.6231,    0.056,  32.4576,  4.34876,  7.731,  3.0,18.8
SSPHOX01004,2020-07-10T13:01:12,   1126, 0020, 18.5452,8.2128,8.2841,-0.847135,-0.891678, 18.5582,    0.056,  32.4618,  4.34253,  7.745,  2.9,18.7
SSPHOX01004,2020-07-10T13:21:12,   1127, 0020, 18.4770,8.2147,8.2860,-0.847090,-0.891593, 18.4922,    0.057,  32.4652,  4.33651,  7.755,  2.9,18.7
SSPHOX01004,2020-07-10T13:41:12,   1128, 0020, 18.4127,8.2158,8.2875,-0.847092,-0.891536, 18.4243,    0.059,  32.4686,  4.33085,  7.762,  2.9,18.6
SSPHOX01004,2020-07-10T14:01:12,   1129, 0020, 18.3517,8.2184,8.2901,-0.847002,-0.891413, 18.3585,    0.059,  32.4722,  4.32555,  7.775,  2.9,18.6
SSPHOX01004,2020-07-10T14:21:12,   1130, 0020, 18.2997,8.2198,8.2922,-0.846970,-0.891310, 18.2947,    0.061,  32.4745,  4.32091,  7.786,  2.9,18.5
SSPHOX01004,2020-07-10T14:41:12,   1131, 0020, 18.2553,8.2224,8.2948,-0.846868,-0.891179, 18.2366,    0.063,  32.4782,  4.31717,  7.793,  2.9,18.4
SSPHOX01004,2020-07-10T15:01:12,   1132, 0020, 18.2209,8.2223,8.2949,-0.846909,-0.891190, 18.1850,    0.063,  32.4815,  4.31433,  7.805,  2.8,18.4
SSPHOX01004,2020-07-10T15:21:12,   1133, 0020, 18.1956,8.2234,8.2963,-0.846874,-0.891120, 18.1409,    0.067,  32.4850,  4.31235,  7.809,  2.8,18.4
SSPHOX01004,2020-07-10T15:41:12,   1134, 0020, 18.1847,8.2249,8.2977,-0.846797,-0.891041, 18.1057,    0.067,  32.4874,  4.31161,  7.814,  2.8,18.4
SSPHOX01004,2020-07-10T16:01:12,   1135, 0020, 18.1801,8.2250,8.2984,-0.846795,-0.891003, 18.0806,    0.067,  32.4902,  4.31151,  7.813,  2.8,18.3
SSPHOX01004,2020-07-10T16:21:12,   1136, 0020, 18.1858,8.2252,8.2985,-0.846782,-0.890997, 18.0649,    0.067,  32.4937,  4.31247,  7.813,  2.8,18.3
SSPHOX01004,2020-07-10T16:41:12,   1137, 0020, 18.2049,8.2246,8.2985,-0.846802,-0.890988, 18.0583,    0.068,  32.4958,  4.31451,  7.818,  2.8,18.4
SSPHOX01004,2020-07-10T17:01:12,   1138, 0020, 18.2309,8.2239,8.2979,-0.846817,-0.891013, 18.0632,    0.069,  32.4977,  4.31719,  7.815,  2.8,18.4
SSPHOX01004,2020-07-10T17:21:12,   1139, 0020, 18.2634,8.2238,8.2979,-0.846795,-0.890994, 18.0760,    0.069,  32.5005,  4.32059,  7.804,  2.8,18.4
SSPHOX01004,2020-07-10T17:41:12,   1140, 0020, 18.3066,8.2223,8.2964,-0.846842,-0.891067, 18.0986,    0.070,  32.5022,  4.32486,  7.804,  2.8,18.4
SSPHOX01004,2020-07-10T18:01:12,   1141, 0020, 18.3577,8.2205,8.2950,-0.846900,-0.891123, 18.1294,    0.069,  32.5042,  4.32992,  7.804,  2.8,18.4
SSPHOX01004,2020-07-10T18:21:12,   1142, 0020, 18.4141,8.2191,8.2938,-0.846933,-0.891169, 18.1691,    0.069,  32.5061,  4.33547,  7.789,  2.9,18.5
SSPHOX01004,2020-07-10T18:41:12,   1143, 0020, 18.4751,8.2176,8.2920,-0.846964,-0.891249, 18.2163,    0.070,  32.5086,  4.34152,  7.779,  2.9,18.5
SSPHOX01004,2020-07-10T19:01:12,   1144, 0020, 18.5410,8.2156,8.2900,-0.847015,-0.891338, 18.2690,    0.070,  32.5104,  4.34796,  7.770,  2.9,18.6
SSPHOX01004,2020-07-10T19:21:12,   1145, 0020, 18.6138,8.2135,8.2881,-0.847072,-0.891416, 18.3282,    0.069,  32.5122,  4.35505,  7.757,  2.9,18.7
SSPHOX01004,2020-07-10T19:41:12,   1146, 0020, 18.6878,8.2108,8.2851,-0.847158,-0.891557, 18.3929,    0.070,  32.5142,  4.36229,  7.740,  2.9,18.7
SSPHOX01004,2020-07-10T20:01:12,   1147, 0020, 18.7695,8.2082,8.2821,-0.847237,-0.891698, 18.4609,    0.071,  32.5164,  4.37027,  7.735,  3.0,18.8
SSPHOX01004,2020-07-10T20:21:12,   1148, 0020, 18.8411,8.2061,8.2797,-0.847289,-0.891807, 18.5351,    0.072,  32.5185,  4.37729,  7.721,  3.0,18.9
SSPHOX01004,2020-07-10T20:41:12,   1149, 0020, 18.8570,8.2040,8.2767,-0.847401,-0.891974, 18.6032,    0.071,  32.5212,  4.37912,  7.720,  3.0,19.0
