SSPHOX01004,2020-07-24T02:39:08,      1, 0020, 19.3474,8.0323,8.0839,-0.858942,-0.902958, 19.0911,    0.003,  35.0634,  4.73326,  7.446,  3.6,19.6
SSPHOX01004,2020-07-24T02:44:08,      2, 0020, 19.4521,8.0139,8.1188,-0.856298,-0.900888, 19.2031,    0.046,  30.6093,  4.20129,  7.084,  3.6,19.5
SSPHOX01004,2020-07-24T02:49:08,      3, 0020, 19.4497,8.0223,8.1136,-0.855787,-0.901193, 19.2199,    0.047,  30.5810,  4.19760,  7.035,  3.7,19.5
SSPHOX01004,2020-07-24T02:54:08,      4, 0020, 19.4415,8.0341,8.1111,-0.855113,-0.901343, 19.2273,    0.048,  30.5844,  4.19728,  7.107,  3.7,19.5
SSPHOX01004,2020-07-24T02:59:08,      5, 0020, 19.4364,8.0450,8.1104,-0.854483,-0.901382, 19.2333,    0.047,  30.5855,  4.19695,  7.185,  3.7,19.5
SSPHOX01004,2020-07-24T03:04:08,      6, 0020, 19.4278,8.0532,8.1085,-0.854016,-0.901498, 19.2358,    0.047,  30.5873,  4.19640,  7.261,  3.7,19.5
SSPHOX01004,2020-07-24T03:09:08,      7, 0020, 19.4208,8.0636,8.1090,-0.853419,-0.901473, 19.2370,    0.048,  30.5880,  4.19586,  7.321,  3.7,19.5
SSPHOX01004,2020-07-24T03:14:08,      8, 0020, 19.4113,8.0705,8.1075,-0.853031,-0.901564, 19.2378,    0.047,  30.5896,  4.19521,  7.376,  3.7,19.6
SSPHOX01004,2020-07-24T03:19:08,      9, 0020, 19.4341,8.0701,8.1279,-0.851320,-0.900368, 19.2528,    0.066,  28.5888,  3.94989,  7.176,  3.7,19.6
SSPHOX01004,2020-07-24T03:24:08,     10, 0020, 19.4288,8.0671,8.1276,-0.851003,-0.900386, 19.2556,    0.065,  28.0256,  3.87940,  7.149,  3.7,19.6
SSPHOX01004,2020-07-24T03:29:08,     11, 0020, 19.4198,8.0739,8.1252,-0.850624,-0.900529, 19.2538,    0.065,  28.0306,  3.87926,  7.199,  3.7,19.6
SSPHOX01004,2020-07-24T03:34:08,     12, 0020, 19.4113,8.0804,8.1243,-0.850255,-0.900586, 19.2523,    0.065,  28.0331,  3.87888,  7.284,  3.7,19.6
SSPHOX01004,2020-07-24T03:39:08,     13, 0020, 19.3782,7.9844,8.1228,-0.849902,-0.900686, 19.2487,    0.088,  21.8488,  3.09445,  7.646,  3.7,19.6
SSPHOX01004,2020-07-24T03:44:08,     14, 0020, 19.3250,8.0781,8.1438,-0.848255,-0.899489, 19.1984,    0.091,  25.6013,  3.56761,  7.077,  3.7,19.6
SSPHOX01004,2020-07-24T03:49:08,     15, 0020, 19.3185,8.0846,8.1426,-0.847887,-0.899558, 19.1905,    0.093,  25.6074,  3.56790,  7.182,  3.7,19.5
SSPHOX01004,2020-07-24T03:54:08,     16, 0020, 19.3089,8.0897,8.1410,-0.847600,-0.899658, 19.1834,    0.092,  25.6094,  3.56740,  7.282,  3.7,19.5
SSPHOX01004,2020-07-24T03:59:08,     17, 0020, 19.3004,8.0983,8.1408,-0.847113,-0.899671, 19.1753,    0.091,  25.6104,  3.56688,  7.373,  3.7,19.5
SSPHOX01004,2020-07-24T04:04:28,     18, 0020, 19.2892,8.1024,8.1397,-0.846886,-0.899742, 19.1658,    0.092,  25.6115,  3.56615,  7.447,  3.7,19.6
SSPHOX01004,2020-07-24T05:04:28,     19, 0020, 19.2062,8.1208,8.1291,-0.845918,-0.900388, 19.0811,    0.148,  25.6352,  3.56274,  7.785,  3.7,19.3
SSPHOX01004,2020-07-24T06:04:28,     20, 0020, 19.0728,8.1200,8.1233,-0.846096,-0.900777, 18.9763,    0.148,  25.6457,  3.55378,  7.782,  3.6,19.3
SSPHOX01004,2020-07-24T07:04:28,     21, 0020, 18.9193,8.1164,8.1188,-0.846450,-0.901096, 18.8296,    0.150,  25.6528,  3.54286,  7.818,  3.6,19.1
SSPHOX01004,2020-07-24T08:04:28,     22, 0020, 18.7646,8.1134,8.1172,-0.846774,-0.901248, 18.6772,    0.147,  25.6603,  3.53191,  7.855,  3.6,19.0
SSPHOX01004,2020-07-24T09:04:28,     23, 0020, 18.6019,8.1109,8.1170,-0.847075,-0.901328, 18.5174,    0.146,  25.6678,  3.52033,  7.882,  3.5,18.8
SSPHOX01004,2020-07-24T10:04:28,     24, 0020, 18.4331,8.1080,8.1156,-0.847404,-0.901471, 18.3481,    0.145,  25.6745,  3.50821,  7.910,  3.4,18.6
SSPHOX01004,2020-07-24T11:04:28,     25, 0020, 18.2690,8.1051,8.1155,-0.847725,-0.901543, 18.1850,    0.143,  25.6815,  3.49649,  7.945,  3.4,18.4
SSPHOX01004,2020-07-24T12:04:28,     26, 0020, 18.1105,8.1025,8.1136,-0.848027,-0.901710, 18.0236,    0.146,  25.6880,  3.48513,  7.976,  3.3,18.3
SSPHOX01004,2020-07-24T13:04:28,     27, 0020, 17.9511,8.1008,8.1136,-0.848277,-0.901776, 17.8661,    0.150,  25.6955,  3.47385,  8.016,  3.3,18.1
SSPHOX01004,2020-07-24T14:04:28,     28, 0020, 17.8022,8.0981,8.1116,-0.848573,-0.901948, 17.7130,    0.153,  25.7017,  3.46322,  8.054,  3.2,18.0
SSPHOX01004,2020-07-24T15:04:28,     29, 0020, 17.6899,8.0965,8.1122,-0.848777,-0.901957, 17.5872,    0.158,  25.7076,  3.45535,  8.105,  3.2,17.9
SSPHOX01004,2020-07-24T16:04:28,     30, 0020, 17.6325,8.0932,8.1107,-0.849021,-0.902068, 17.5107,    0.163,  25.7131,  3.45162,  8.125,  3.2,17.8
SSPHOX01004,2020-07-24T17:04:28,     31, 0020, 17.6425,8.0908,8.1091,-0.849155,-0.902154, 17.4986,    0.164,  25.7181,  3.45300,  8.140,  3.2,17.8
SSPHOX01004,2020-07-24T18:04:28,     32, 0020, 17.6947,8.0867,8.1064,-0.849349,-0.902291, 17.5331,    0.167,  25.7233,  3.45763,  8.145,  3.2,17.8
SSPHOX01004,2020-07-24T19:04:28,     33, 0020, 17.8017,8.0833,8.1041,-0.849454,-0.902381, 17.6198,    0.168,  25.7281,  3.46638,  8.136,  3.2,17.9
SSPHOX01004,2020-07-24T20:04:28,     34, 0020, 17.9496,8.0788,8.1001,-0.849583,-0.902555, 17.7510,    0.168,  25.7330,  3.47831,  8.128,  3.3,18.0
SSPHOX01004,2020-07-24T21:04:28,     35, 0020, 18.1452,8.0740,8.0954,-0.849689,-0.902753, 17.9286,    0.163,  25.7370,  3.49380,  8.101,  3.3,18.2
SSPHOX01004,2020-07-24T22:04:28,     36, 0020, 18.3744,8.0687,8.0894,-0.849796,-0.903010, 18.1476,    0.159,  25.7424,  3.51206,  8.062,  3.4,18.4
SSPHOX01004,2020-07-24T23:04:28,     37, 0020, 18.6148,8.0629,8.0830,-0.849914,-0.903290, 18.3825,    0.154,  25.7473,  3.53117,  8.026,  3.5,18.7
SSPHOX01004,2020-07-25T00:04:28,     38, 0020, 18.8241,8.0591,8.0780,-0.849954,-0.903500, 18.6010,    0.156,  25.7522,  3.54791,  7.990,  3.6,18.9
SSPHOX01004,2020-07-25T01:04:28,     39, 0020, 18.9594,8.0565,8.0738,-0.849982,-0.903688, 18.7605,    0.153,  25.7581,  3.55909,  7.962,  3.6,19.0
SSPHOX01004,2020-07-25T02:04:28,     40, 0020, 19.0062,8.0555,8.0725,-0.850006,-0.903747, 18.8390,    0.154,  25.7641,  3.56345,  7.950,  3.6,19.1
SSPHOX01004,2020-07-25T03:04:28,     41, 0020, 18.9784,8.0551,8.0721,-0.850062,-0.903783, 18.8396,    0.152,  25.7708,  3.56213,  7.954,  3.6,19.1
SSPHOX01004,2020-07-25T04:04:28,     42, 0020, 18.8845,8.0561,8.0734,-0.850096,-0.903744, 18.7709,    0.157,  25.7780,  3.55578,  7.965,  3.6,19.0
SSPHOX01004,2020-07-25T05:04:28,     43, 0020, 18.7545,8.0572,8.0747,-0.850156,-0.903713, 18.6553,    0.160,  25.7855,  3.54668,  7.978,  3.6,19.0
SSPHOX01004,2020-07-25T06:04:28,     44, 0020, 18.6119,8.0588,8.0778,-0.850197,-0.903590, 18.5180,    0.159,  25.7920,  3.53649,  7.995,  3.5,18.8
SSPHOX01004,2020-07-25T07:04:28,     45, 0020, 18.4601,8.0608,8.0803,-0.850228,-0.903502, 18.3696,    0.157,  25.7991,  3.52565,  8.033,  3.5,18.6
SSPHOX01004,2020-07-25T08:04:28,     46, 0020, 18.3146,8.0625,8.0826,-0.850264,-0.903425, 18.2225,    0.155,  25.8059,  3.51529,  8.050,  3.5,18.5
SSPHOX01004,2020-07-25T09:04:28,     47, 0020, 18.1779,8.0648,8.0855,-0.850265,-0.903314, 18.0831,    0.154,  25.8120,  3.50551,  8.074,  3.4,18.4
SSPHOX01004,2020-07-25T10:04:28,     48, 0020, 18.0417,8.0656,8.0869,-0.850345,-0.903282, 17.9472,    0.152,  25.8188,  3.49587,  8.091,  3.4,18.2
SSPHOX01004,2020-07-25T11:04:28,     49, 0020, 17.9163,8.0679,8.0895,-0.850332,-0.903182, 17.8181,    0.152,  25.8250,  3.48698,  8.108,  3.3,18.1
SSPHOX01004,2020-07-25T12:04:28,     50, 0020, 17.8053,8.0686,8.0908,-0.850398,-0.903146, 17.7032,    0.149,  25.8310,  3.47918,  8.132,  3.3,18.0
SSPHOX01004,2020-07-25T13:04:28,     51, 0020, 17.7054,8.0685,8.0909,-0.850500,-0.903180, 17.5991,    0.151,  25.8371,  3.47225,  8.147,  3.2,17.9
SSPHOX01004,2020-07-25T14:04:28,     52, 0020, 17.6236,8.0691,8.0921,-0.850539,-0.903140, 17.5104,    0.154,  25.8419,  3.46656,  8.166,  3.2,17.8
SSPHOX01004,2020-07-25T15:04:28,     53, 0020, 17.5659,8.0703,8.0933,-0.850527,-0.903093, 17.4438,    0.159,  25.8472,  3.46276,  8.182,  3.2,17.7
SSPHOX01004,2020-07-25T16:04:28,     54, 0020, 17.5459,8.0692,8.0928,-0.850616,-0.903129, 17.4101,    0.161,  25.8520,  3.46182,  8.192,  3.2,17.7
SSPHOX01004,2020-07-25T17:04:28,     55, 0020, 17.5833,8.0679,8.0918,-0.850661,-0.903176, 17.4266,    0.159,  25.8569,  3.46528,  8.186,  3.2,17.7
SSPHOX01004,2020-07-25T18:04:28,     56, 0020, 17.6973,8.0657,8.0897,-0.850688,-0.903254, 17.5130,    0.160,  25.8604,  3.47445,  8.180,  3.2,17.8
SSPHOX01004,2020-07-25T19:04:28,     57, 0020, 17.8642,8.0630,8.0876,-0.850701,-0.903310, 17.6604,    0.161,  25.8647,  3.48782,  8.163,  3.3,17.9
SSPHOX01004,2020-07-25T20:04:28,     58, 0020, 18.0717,8.0599,8.0836,-0.850692,-0.903463, 17.8525,    0.158,  25.8686,  3.50426,  8.128,  3.3,18.1
SSPHOX01004,2020-07-25T21:04:28,     59, 0020, 18.3105,8.0554,8.0785,-0.850740,-0.903663, 18.0815,    0.154,  25.8725,  3.52316,  8.094,  3.4,18.4
SSPHOX01004,2020-07-25T22:04:28,     60, 0020, 18.5687,8.0521,8.0726,-0.850701,-0.903907, 18.3317,    0.153,  25.8765,  3.54360,  8.047,  3.5,18.6
SSPHOX01004,2020-07-25T23:04:28,     61, 0020, 18.7013,8.0498,8.0695,-0.850722,-0.904037, 18.4955,    0.147,  25.8826,  3.55462,  8.015,  3.5,18.7
SSPHOX01004,2020-07-26T00:04:28,     62, 0020, 18.9149,8.0475,8.0659,-0.850666,-0.904163, 18.6941,    0.143,  25.8866,  3.57166,  7.984,  3.6,19.0
SSPHOX01004,2020-07-26T01:04:28,     63, 0020, 19.0860,8.0456,8.0632,-0.850630,-0.904258, 18.8773,    0.142,  25.8924,  3.58565,  7.955,  3.7,19.2
SSPHOX01004,2020-07-26T02:04:28,     64, 0020, 19.1930,8.0444,8.0618,-0.850604,-0.904299, 19.0063,    0.148,  25.8973,  3.59458,  7.932,  3.7,19.3
SSPHOX01004,2020-07-26T03:04:28,     65, 0020, 19.2241,8.0445,8.0612,-0.850577,-0.904320, 19.0646,    0.149,  25.9035,  3.59776,  7.923,  3.7,19.3
SSPHOX01004,2020-07-26T04:04:28,     66, 0020, 19.1917,8.0457,8.0626,-0.850543,-0.904250, 19.0566,    0.151,  25.9095,  3.59600,  7.924,  3.7,19.3
SSPHOX01004,2020-07-26T05:04:28,     67, 0020, 19.1042,8.0472,8.0642,-0.850537,-0.904193, 18.9884,    0.154,  25.9155,  3.58995,  7.938,  3.7,19.3
SSPHOX01004,2020-07-26T06:04:28,     68, 0020, 18.9840,8.0502,8.0674,-0.850483,-0.904050, 18.8811,    0.157,  25.9220,  3.58144,  7.951,  3.7,19.1
SSPHOX01004,2020-07-26T07:04:28,     69, 0020, 18.8465,8.0528,8.0701,-0.850461,-0.903944, 18.7493,    0.157,  25.9285,  3.57156,  7.980,  3.7,19.0
SSPHOX01004,2020-07-26T08:04:28,     70, 0020, 18.7004,8.0563,8.0741,-0.850394,-0.903770, 18.6086,    0.156,  25.9351,  3.56105,  8.001,  3.6,18.9
SSPHOX01004,2020-07-26T09:04:28,     71, 0020, 18.5517,8.0582,8.0769,-0.850429,-0.903666, 18.4603,    0.158,  25.9414,  3.55031,  8.017,  3.6,18.7
SSPHOX01004,2020-07-26T10:04:28,     72, 0020, 18.4111,8.0604,8.0796,-0.850434,-0.903563, 18.3168,    0.157,  25.9474,  3.54015,  8.049,  3.5,18.6
SSPHOX01004,2020-07-26T11:04:28,     73, 0020, 18.2865,8.0634,8.0828,-0.850377,-0.903425, 18.1869,    0.156,  25.9530,  3.53120,  8.067,  3.5,18.5
SSPHOX01004,2020-07-26T12:04:28,     74, 0020, 18.1707,8.0645,8.0848,-0.850423,-0.903355, 18.0683,    0.157,  25.9585,  3.52291,  8.083,  3.4,18.4
SSPHOX01004,2020-07-26T13:04:28,     75, 0020, 18.0647,8.0665,8.0865,-0.850407,-0.903297, 17.9598,    0.161,  25.9643,  3.51543,  8.099,  3.4,18.2
SSPHOX01004,2020-07-26T14:04:28,     76, 0020, 17.9691,8.0671,8.0876,-0.850463,-0.903268, 17.8602,    0.163,  25.9695,  3.50868,  8.117,  3.4,18.1
SSPHOX01004,2020-07-26T15:04:28,     77, 0020, 17.8884,8.0686,8.0891,-0.850456,-0.903213, 17.7738,    0.166,  25.9743,  3.50303,  8.135,  3.4,18.1
SSPHOX01004,2020-07-26T16:04:28,     78, 0020, 17.8318,8.0698,8.0904,-0.850442,-0.903162, 17.7088,    0.167,  25.9797,  3.49931,  8.150,  3.3,18.0
SSPHOX01004,2020-07-26T17:04:28,     79, 0020, 17.8095,8.0695,8.0908,-0.850484,-0.903144, 17.6739,    0.168,  25.9836,  3.49807,  8.152,  3.3,18.0
SSPHOX01004,2020-07-26T18:04:28,     80, 0020, 17.8350,8.0698,8.0910,-0.850447,-0.903122, 17.6815,    0.170,  25.9885,  3.50062,  8.159,  3.3,17.9
SSPHOX01004,2020-07-26T19:04:28,     81, 0020, 17.9354,8.0672,8.0891,-0.850512,-0.903195, 17.7559,    0.168,  25.9923,  3.50885,  8.152,  3.3,18.0
SSPHOX01004,2020-07-26T20:04:28,     82, 0020, 18.1008,8.0660,8.0871,-0.850436,-0.903248, 17.8982,    0.165,  25.9965,  3.52216,  8.130,  3.4,18.1
SSPHOX01004,2020-07-26T21:04:28,     83, 0020, 18.3148,8.0631,8.0834,-0.850413,-0.903382, 18.0931,    0.161,  25.9999,  3.53916,  8.098,  3.5,18.4
SSPHOX01004,2020-07-26T22:04:28,     84, 0020, 18.5660,8.0589,8.0779,-0.850433,-0.903603, 18.3311,    0.156,  26.0033,  3.55906,  8.057,  3.5,18.6
SSPHOX01004,2020-07-26T23:04:28,     85, 0020, 18.7198,8.0575,8.0746,-0.850380,-0.903735, 18.5244,    0.153,  26.0101,  3.57185,  8.021,  3.6,18.8
SSPHOX01004,2020-07-27T00:04:28,     86, 0020, 18.9169,8.0549,8.0705,-0.850352,-0.903895, 18.7016,    0.147,  26.0139,  3.58766,  7.986,  3.7,19.0
SSPHOX01004,2020-07-27T01:04:28,     87, 0020, 19.0819,8.0538,8.0684,-0.850276,-0.903956, 18.8758,    0.143,  26.0191,  3.60116,  7.965,  3.7,19.1
SSPHOX01004,2020-07-27T02:04:28,     88, 0020, 19.1751,8.0524,8.0657,-0.850277,-0.904078, 18.9933,    0.149,  26.0243,  3.60908,  7.942,  3.8,19.3
SSPHOX01004,2020-07-27T03:04:28,     89, 0020, 19.1953,8.0528,8.0659,-0.850239,-0.904058, 19.0390,    0.158,  26.0300,  3.61137,  7.939,  3.8,19.3
SSPHOX01004,2020-07-27T04:04:28,     90, 0020, 19.1508,8.0559,8.0689,-0.850106,-0.903903, 19.0187,    0.155,  26.0359,  3.60863,  7.932,  3.8,19.3
SSPHOX01004,2020-07-27T05:04:28,     91, 0020, 19.0584,8.0567,8.0696,-0.850151,-0.903894, 18.9442,    0.158,  26.0421,  3.60220,  7.952,  3.8,19.2
SSPHOX01004,2020-07-27T06:04:28,     92, 0020, 18.9319,8.0590,8.0720,-0.850139,-0.903805, 18.8304,    0.159,  26.0492,  3.59323,  7.958,  3.7,19.1
SSPHOX01004,2020-07-27T07:04:28,     93, 0020, 18.7827,8.0625,8.0766,-0.850074,-0.903595, 18.6902,    0.159,  26.0560,  3.58244,  7.987,  3.7,19.0
SSPHOX01004,2020-07-27T08:04:28,     94, 0020, 18.6190,8.0641,8.0794,-0.850136,-0.903495, 18.5327,    0.159,  26.0632,  3.57059,  8.012,  3.6,18.8
SSPHOX01004,2020-07-27T09:04:28,     95, 0020, 18.4472,8.0678,8.0834,-0.850087,-0.903331, 18.3643,    0.155,  26.0701,  3.55808,  8.033,  3.6,18.6
SSPHOX01004,2020-07-27T10:04:28,     96, 0020, 18.2771,8.0702,8.0868,-0.850106,-0.903198, 18.1953,    0.155,  26.0765,  3.54564,  8.060,  3.5,18.4
SSPHOX01004,2020-07-27T11:04:28,     97, 0020, 18.1056,8.0740,8.0904,-0.850048,-0.903053, 18.0226,    0.154,  26.0837,  3.53319,  8.095,  3.5,18.3
SSPHOX01004,2020-07-27T12:04:28,     98, 0020, 17.9350,8.0753,8.0922,-0.850132,-0.903016, 17.8516,    0.155,  26.0896,  3.52068,  8.107,  3.4,18.1
SSPHOX01004,2020-07-27T13:04:28,     99, 0020, 17.7808,8.0781,8.0951,-0.850120,-0.902907, 17.6921,    0.160,  26.0963,  3.50954,  8.135,  3.3,17.9
SSPHOX01004,2020-07-27T14:04:28,    100, 0020, 17.6452,8.0798,8.0970,-0.850146,-0.902850, 17.5512,    0.162,  26.1029,  3.49984,  8.161,  3.3,17.8
SSPHOX01004,2020-07-27T15:04:28,    101, 0020, 17.5365,8.0813,8.0985,-0.850163,-0.902807, 17.4330,    0.165,  26.1080,  3.49203,  8.181,  3.3,17.7
SSPHOX01004,2020-07-27T16:04:28,    102, 0020, 17.4658,8.0819,8.0996,-0.850201,-0.902771, 17.3490,    0.166,  26.1136,  3.48724,  8.198,  3.2,17.6
SSPHOX01004,2020-07-27T17:04:28,    103, 0020, 17.4532,8.0820,8.0997,-0.850208,-0.902770, 17.3158,    0.164,  26.1183,  3.48683,  8.209,  3.2,17.6
SSPHOX01004,2020-07-27T18:04:28,    104, 0020, 17.5249,8.0807,8.0996,-0.850221,-0.902748, 17.3567,    0.164,  26.1227,  3.49290,  8.207,  3.3,17.6
SSPHOX01004,2020-07-27T19:04:28,    105, 0020, 17.6693,8.0784,8.0976,-0.850229,-0.902805, 17.4749,    0.161,  26.1263,  3.50454,  8.183,  3.3,17.8
SSPHOX01004,2020-07-27T20:04:28,    106, 0020, 17.8611,8.0749,8.0944,-0.850259,-0.902920, 17.6480,    0.157,  26.1297,  3.51983,  8.159,  3.3,17.9
SSPHOX01004,2020-07-27T21:04:28,    107, 0020, 18.0786,8.0714,8.0899,-0.850267,-0.903095, 17.8549,    0.153,  26.1335,  3.53719,  8.129,  3.4,18.1
SSPHOX01004,2020-07-27T22:04:28,    108, 0020, 18.3096,8.0676,8.0853,-0.850287,-0.903271, 18.0813,    0.146,  26.1388,  3.55582,  8.086,  3.5,18.4
SSPHOX01004,2020-07-27T23:04:28,    109, 0020, 18.5512,8.0648,8.0809,-0.850233,-0.903433, 18.3201,    0.141,  26.1430,  3.57516,  8.046,  3.6,18.6
SSPHOX01004,2020-07-28T00:04:28,    110, 0020, 18.7794,8.0611,8.0757,-0.850243,-0.903649, 18.5521,    0.140,  26.1481,  3.59361,  8.007,  3.7,18.8
SSPHOX01004,2020-07-28T01:04:28,    111, 0020, 18.9643,8.0592,8.0732,-0.850189,-0.903723, 18.7499,    0.138,  26.1526,  3.60862,  7.976,  3.7,19.0
SSPHOX01004,2020-07-28T02:04:28,    112, 0020, 19.0762,8.0582,8.0712,-0.850153,-0.903795, 18.8887,    0.145,  26.1578,  3.61803,  7.950,  3.8,19.2
SSPHOX01004,2020-07-28T03:04:28,    113, 0020, 19.1057,8.0595,8.0726,-0.850053,-0.903703, 18.9456,    0.145,  26.1631,  3.62100,  7.936,  3.8,19.2
SSPHOX01004,2020-07-28T04:04:28,    114, 0020, 19.0669,8.0600,8.0726,-0.850066,-0.903720, 18.9320,    0.149,  26.1690,  3.61870,  7.941,  3.8,19.2
SSPHOX01004,2020-07-28T05:04:28,    115, 0020, 18.9741,8.0621,8.0750,-0.850037,-0.903615, 18.8606,    0.151,  26.1756,  3.61226,  7.950,  3.8,19.1
SSPHOX01004,2020-07-28T06:04:28,    116, 0020, 18.8416,8.0646,8.0775,-0.850017,-0.903521, 18.7437,    0.154,  26.1824,  3.60272,  7.969,  3.7,19.0
SSPHOX01004,2020-07-28T07:04:28,    117, 0020, 18.6835,8.0673,8.0812,-0.850009,-0.903368, 18.5955,    0.154,  26.1895,  3.59123,  7.986,  3.7,18.9
SSPHOX01004,2020-07-28T08:04:28,    118, 0020, 18.5146,8.0709,8.0849,-0.849964,-0.903215, 18.4318,    0.152,  26.1969,  3.57896,  8.021,  3.6,18.7
SSPHOX01004,2020-07-28T09:04:28,    119, 0020, 18.3425,8.0729,8.0884,-0.850006,-0.903081, 18.2597,    0.150,  26.2032,  3.56629,  8.041,  3.6,18.5
SSPHOX01004,2020-07-28T10:04:28,    120, 0020, 18.1640,8.0756,8.0920,-0.850020,-0.902940, 18.0836,    0.147,  26.2103,  3.55323,  8.060,  3.5,18.4
SSPHOX01004,2020-07-28T11:04:28,    121, 0020, 17.9866,8.0774,8.0940,-0.850081,-0.902891, 17.9073,    0.146,  26.2178,  3.54031,  8.086,  3.5,18.2
SSPHOX01004,2020-07-28T12:04:28,    122, 0020, 17.8087,8.0805,8.0974,-0.850070,-0.902765, 17.7302,    0.147,  26.2242,  3.52723,  8.114,  3.4,18.0
SSPHOX01004,2020-07-28T13:04:28,    123, 0020, 17.6326,8.0821,8.0989,-0.850144,-0.902744, 17.5531,    0.153,  26.2315,  3.51442,  8.140,  3.4,17.8
SSPHOX01004,2020-07-28T14:04:28,    124, 0020, 17.4740,8.0844,8.1014,-0.850160,-0.902666, 17.3865,    0.153,  26.2378,  3.50285,  8.167,  3.3,17.7
SSPHOX01004,2020-07-28T15:04:28,    125, 0020, 17.3776,8.0850,8.1026,-0.850220,-0.902633, 17.2750,    0.156,  26.2436,  3.49606,  8.188,  3.3,17.5
SSPHOX01004,2020-07-28T16:04:28,    126, 0020, 17.3198,8.0852,8.1033,-0.850267,-0.902613, 17.2000,    0.158,  26.2485,  3.49214,  8.211,  3.2,17.5
SSPHOX01004,2020-07-28T17:04:28,    127, 0020, 17.3380,8.0850,8.1035,-0.850268,-0.902596, 17.1917,    0.155,  26.2531,  3.49412,  8.217,  3.2,17.5
SSPHOX01004,2020-07-28T18:04:28,    128, 0020, 17.4238,8.0825,8.1016,-0.850337,-0.902670, 17.2495,    0.156,  26.2566,  3.50121,  8.206,  3.3,17.5
SSPHOX01004,2020-07-28T19:04:28,    129, 0020, 17.5767,8.0808,8.1002,-0.850301,-0.902691, 17.3776,    0.157,  26.2607,  3.51360,  8.196,  3.3,17.7
SSPHOX01004,2020-07-28T20:04:28,    130, 0020, 17.7754,8.0770,8.0963,-0.850342,-0.902841, 17.5597,    0.157,  26.2647,  3.52956,  8.167,  3.4,17.8
SSPHOX01004,2020-07-28T21:04:28,    131, 0020, 18.0114,8.0725,8.0916,-0.850389,-0.903022, 17.7822,    0.151,  26.2678,  3.54834,  8.127,  3.4,18.1
SSPHOX01004,2020-07-28T22:04:28,    132, 0020, 18.2721,8.0691,8.0870,-0.850355,-0.903188, 18.0328,    0.144,  26.2720,  3.56923,  8.089,  3.5,18.3
SSPHOX01004,2020-07-28T23:04:28,    133, 0020, 18.4360,8.0671,8.0829,-0.850326,-0.903361, 18.2278,    0.141,  26.2772,  3.58269,  8.051,  3.6,18.5
SSPHOX01004,2020-07-29T00:04:28,    134, 0020, 18.6622,8.0633,8.0779,-0.850348,-0.903563, 18.4367,    0.135,  26.2806,  3.60084,  8.014,  3.6,18.7
SSPHOX01004,2020-07-29T01:04:28,    135, 0020, 18.8144,8.0620,8.0754,-0.850289,-0.903652, 18.6187,    0.134,  26.2865,  3.61351,  7.984,  3.7,18.9
SSPHOX01004,2020-07-29T02:04:28,    136, 0020, 18.9245,8.0607,8.0740,-0.850270,-0.903690, 18.7334,    0.130,  26.2908,  3.62269,  7.959,  3.8,19.0
SSPHOX01004,2020-07-29T03:04:28,    137, 0020, 19.0035,8.0599,8.0727,-0.850245,-0.903737, 18.8271,    0.131,  26.2952,  3.62945,  7.946,  3.8,19.1
SSPHOX01004,2020-07-29T04:04:28,    138, 0020, 19.0086,8.0599,8.0727,-0.850249,-0.903738, 18.8582,    0.136,  26.3007,  3.63054,  7.935,  3.8,19.1
SSPHOX01004,2020-07-29T05:04:28,    139, 0020, 18.9575,8.0618,8.0742,-0.850189,-0.903665, 18.8286,    0.140,  26.3062,  3.62720,  7.946,  3.8,19.1
SSPHOX01004,2020-07-29T06:04:28,    140, 0020, 18.8593,8.0641,8.0765,-0.850147,-0.903569, 18.7493,    0.138,  26.3119,  3.62018,  7.948,  3.8,19.0
SSPHOX01004,2020-07-29T07:04:28,    141, 0020, 18.7304,8.0661,8.0790,-0.850155,-0.903478, 18.6318,    0.138,  26.3183,  3.61086,  7.966,  3.7,18.9
SSPHOX01004,2020-07-29T08:04:28,    142, 0020, 18.5815,8.0678,8.0813,-0.850199,-0.903400, 18.4912,    0.138,  26.3245,  3.59992,  7.988,  3.7,18.7
SSPHOX01004,2020-07-29T09:04:28,    143, 0020, 18.4233,8.0711,8.0852,-0.850159,-0.903234, 18.3356,    0.137,  26.3299,  3.58818,  8.012,  3.6,18.6
SSPHOX01004,2020-07-29T10:04:28,    144, 0020, 18.2666,8.0731,8.0882,-0.850188,-0.903123, 18.1797,    0.136,  26.3366,  3.57672,  8.038,  3.6,18.4
SSPHOX01004,2020-07-29T11:04:28,    145, 0020, 18.1175,8.0754,8.0911,-0.850199,-0.903008, 18.0289,    0.137,  26.3425,  3.56575,  8.052,  3.6,18.3
SSPHOX01004,2020-07-29T12:04:28,    146, 0020, 17.9750,8.0770,8.0930,-0.850239,-0.902953, 17.8843,    0.139,  26.3481,  3.55528,  8.082,  3.5,18.1
SSPHOX01004,2020-07-29T13:04:28,    147, 0020, 17.8403,8.0787,8.0951,-0.850268,-0.902884, 17.7462,    0.141,  26.3538,  3.54543,  8.105,  3.5,18.1
SSPHOX01004,2020-07-29T14:04:28,    148, 0020, 17.7230,8.0797,8.0963,-0.850322,-0.902861, 17.6241,    0.145,  26.3594,  3.53694,  8.122,  3.4,17.9
SSPHOX01004,2020-07-29T15:04:28,    149, 0020, 17.6319,8.0813,8.0980,-0.850313,-0.902799, 17.5231,    0.150,  26.3639,  3.53037,  8.147,  3.4,17.8
SSPHOX01004,2020-07-29T16:04:28,    150, 0020, 17.5742,8.0829,8.1001,-0.850278,-0.902700, 17.4524,    0.150,  26.3686,  3.52643,  8.164,  3.4,17.8
SSPHOX01004,2020-07-29T17:04:28,    151, 0020, 17.5601,8.0813,8.0986,-0.850388,-0.902794, 17.4231,    0.151,  26.3735,  3.52591,  8.175,  3.4,17.7
SSPHOX01004,2020-07-29T18:04:28,    152, 0020, 17.5968,8.0805,8.0979,-0.850405,-0.902816, 17.4412,    0.152,  26.3773,  3.52925,  8.182,  3.4,17.7
SSPHOX01004,2020-07-29T19:04:28,    153, 0020, 17.7019,8.0786,8.0968,-0.850424,-0.902841, 17.5193,    0.157,  26.3813,  3.53794,  8.164,  3.4,17.8
SSPHOX01004,2020-07-29T20:04:28,    154, 0020, 17.8682,8.0746,8.0928,-0.850508,-0.903007, 17.6651,    0.159,  26.3860,  3.55152,  8.138,  3.4,18.0
SSPHOX01004,2020-07-29T21:04:28,    155, 0020, 18.0817,8.0725,8.0903,-0.850437,-0.903068, 17.8600,    0.156,  26.3891,  3.56864,  8.115,  3.5,18.1
SSPHOX01004,2020-07-29T22:04:28,    156, 0020, 18.3263,8.0680,8.0846,-0.850484,-0.903305, 18.0926,    0.156,  26.3931,  3.58832,  8.071,  3.6,18.4
SSPHOX01004,2020-07-29T23:04:28,    157, 0020, 18.4820,8.0659,8.0810,-0.850467,-0.903453, 18.2755,    0.154,  26.3977,  3.60113,  8.037,  3.6,18.5
SSPHOX01004,2020-07-30T00:04:28,    158, 0020, 18.6801,8.0632,8.0770,-0.850451,-0.903613, 18.4713,    0.148,  26.4036,  3.61745,  8.003,  3.7,18.8
SSPHOX01004,2020-07-30T01:04:28,    159, 0020, 18.8041,8.0623,8.0747,-0.850394,-0.903694, 18.6012,    0.144,  26.4081,  3.62778,  7.983,  3.8,18.9
SSPHOX01004,2020-07-30T02:04:28,    160, 0020, 18.9712,8.0596,8.0724,-0.850404,-0.903768, 18.7648,    0.143,  26.4130,  3.64157,  7.957,  3.8,19.0
SSPHOX01004,2020-07-30T03:04:28,    161, 0020, 19.0791,8.0596,8.0716,-0.850311,-0.903772, 18.8926,    0.147,  26.4175,  3.65065,  7.935,  3.9,19.2
SSPHOX01004,2020-07-30T04:04:28,    162, 0020, 19.1088,8.0598,8.0718,-0.850273,-0.903750, 18.9500,    0.151,  26.4226,  3.65363,  7.933,  3.9,19.2
SSPHOX01004,2020-07-30T05:04:28,    163, 0020, 19.0721,8.0577,8.0725,-0.850437,-0.903723, 18.9379,    0.156,  26.4279,  3.65139,  7.927,  3.9,19.2
SSPHOX01004,2020-07-30T06:04:28,    164, 0020, 18.9875,8.0627,8.0741,-0.850227,-0.903665, 18.8719,    0.155,  26.4336,  3.64542,  7.944,  3.9,19.1
SSPHOX01004,2020-07-30T07:04:28,    165, 0020, 18.8662,8.0644,8.0765,-0.850242,-0.903570, 18.7638,    0.161,  26.4395,  3.63657,  7.961,  3.8,19.0
SSPHOX01004,2020-07-30T08:04:28,    166, 0020, 18.7314,8.0667,8.0793,-0.850239,-0.903461, 18.6350,    0.163,  26.4459,  3.62673,  7.980,  3.8,18.9
SSPHOX01004,2020-07-30T09:04:28,    167, 0020, 18.5852,8.0699,8.0835,-0.850193,-0.903268, 18.4945,    0.164,  26.4515,  3.61589,  7.999,  3.7,18.8
SSPHOX01004,2020-07-30T10:04:28,    168, 0020, 18.4404,8.0720,8.0863,-0.850205,-0.903165, 18.3503,    0.161,  26.4581,  3.60528,  8.025,  3.7,18.6
SSPHOX01004,2020-07-30T11:04:28,    169, 0020, 18.3026,8.0749,8.0895,-0.850167,-0.903030, 18.2088,    0.162,  26.4631,  3.59504,  8.042,  3.6,18.5
SSPHOX01004,2020-07-30T12:04:28,    170, 0020, 18.1675,8.0767,8.0918,-0.850193,-0.902951, 18.0738,    0.159,  26.4692,  3.58516,  8.065,  3.6,18.4
SSPHOX01004,2020-07-30T13:04:28,    171, 0020, 18.0480,8.0775,8.0929,-0.850257,-0.902936, 17.9496,    0.158,  26.4745,  3.57641,  8.086,  3.6,18.2
SSPHOX01004,2020-07-30T14:04:28,    172, 0020, 17.9364,8.0795,8.0954,-0.850250,-0.902832, 17.8342,    0.157,  26.4790,  3.56818,  8.108,  3.5,18.1
SSPHOX01004,2020-07-30T15:04:28,    173, 0020, 17.8345,8.0811,8.0978,-0.850254,-0.902730, 17.7286,    0.160,  26.4850,  3.56090,  8.129,  3.5,18.0
SSPHOX01004,2020-07-30T16:04:28,    174, 0020, 17.7540,8.0822,8.0983,-0.850268,-0.902732, 17.6408,    0.163,  26.4896,  3.55513,  8.150,  3.5,17.9
SSPHOX01004,2020-07-30T17:04:28,    175, 0020, 17.7040,8.0823,8.0990,-0.850310,-0.902710, 17.5787,    0.165,  26.4944,  3.55180,  8.165,  3.5,17.9
SSPHOX01004,2020-07-30T18:04:28,    176, 0020, 17.7051,8.0822,8.0993,-0.850322,-0.902697, 17.5614,    0.166,  26.4986,  3.55239,  8.173,  3.5,17.8
SSPHOX01004,2020-07-30T19:04:28,    177, 0020, 17.7852,8.0808,8.0981,-0.850332,-0.902736, 17.6130,    0.167,  26.5034,  3.55926,  8.164,  3.5,17.9
SSPHOX01004,2020-07-30T20:04:28,    178, 0020, 17.9363,8.0778,8.0954,-0.850375,-0.902830, 17.7375,    0.172,  26.5072,  3.57161,  8.145,  3.5,18.0
SSPHOX01004,2020-07-30T21:04:28,    179, 0020, 18.1387,8.0757,8.0926,-0.850316,-0.902914, 17.9196,    0.176,  26.5113,  3.58804,  8.116,  3.6,18.2
SSPHOX01004,2020-07-30T22:04:28,    180, 0020, 18.3768,8.0712,8.0875,-0.850362,-0.903121, 18.1474,    0.176,  26.5155,  3.60733,  8.077,  3.6,18.4
SSPHOX01004,2020-07-30T23:04:28,    181, 0020, 18.5228,8.0693,8.0838,-0.850349,-0.903278, 18.3208,    0.173,  26.5211,  3.61953,  8.048,  3.7,18.6
SSPHOX01004,2020-07-31T00:04:28,    182, 0020, 18.7184,8.0671,8.0805,-0.850302,-0.903394, 18.5096,    0.173,  26.5257,  3.63557,  8.016,  3.8,18.8
SSPHOX01004,2020-07-31T01:04:28,    183, 0020, 18.8376,8.0653,8.0778,-0.850301,-0.903506, 18.6368,    0.170,  26.5307,  3.64561,  7.986,  3.8,18.9
SSPHOX01004,2020-07-31T02:04:28,    184, 0020, 18.9926,8.0635,8.0753,-0.850267,-0.903590, 18.7914,    0.166,  26.5357,  3.65851,  7.961,  3.8,19.0
SSPHOX01004,2020-07-31T03:04:28,    185, 0020, 19.1030,8.0624,8.0739,-0.850236,-0.903627, 18.9154,    0.167,  26.5399,  3.66779,  7.942,  3.9,19.2
SSPHOX01004,2020-07-31T04:04:28,    186, 0020, 19.1355,8.0628,8.0734,-0.850190,-0.903647, 18.9747,    0.169,  26.5451,  3.67103,  7.934,  3.9,19.3
SSPHOX01004,2020-07-31T05:04:28,    187, 0020, 19.0981,8.0634,8.0748,-0.850194,-0.903580, 18.9642,    0.172,  26.5506,  3.66875,  7.927,  3.9,19.2
SSPHOX01004,2020-07-31T06:04:28,    188, 0020, 19.0085,8.0655,8.0767,-0.850155,-0.903501, 18.8943,    0.171,  26.5566,  3.66238,  7.940,  3.9,19.2
SSPHOX01004,2020-07-31T07:04:28,    189, 0020, 18.8803,8.0676,8.0796,-0.850160,-0.903386, 18.7811,    0.173,  26.5628,  3.65298,  7.952,  3.8,19.0
SSPHOX01004,2020-07-31T08:04:28,    190, 0020, 18.7285,8.0703,8.0832,-0.850149,-0.903234, 18.6401,    0.171,  26.5693,  3.64176,  7.978,  3.8,18.9
SSPHOX01004,2020-07-31T09:04:28,    191, 0020, 18.5670,8.0726,8.0859,-0.850164,-0.903141, 18.4813,    0.169,  26.5759,  3.62978,  7.999,  3.8,18.8
SSPHOX01004,2020-07-31T10:04:28,    192, 0020, 18.4019,8.0747,8.0889,-0.850201,-0.903027, 18.3172,    0.167,  26.5812,  3.61738,  8.020,  3.7,18.6
SSPHOX01004,2020-07-31T11:04:28,    193, 0020, 18.2353,8.0785,8.0934,-0.850138,-0.902830, 18.1513,    0.168,  26.5881,  3.60504,  8.047,  3.7,18.4
SSPHOX01004,2020-07-31T12:04:28,    194, 0020, 18.0837,8.0802,8.0956,-0.850181,-0.902763, 17.9951,    0.164,  26.5938,  3.59376,  8.065,  3.6,18.3
SSPHOX01004,2020-07-31T13:04:28,    195, 0020, 17.9485,8.0819,8.0967,-0.850210,-0.902749, 17.8551,    0.162,  26.5995,  3.58379,  8.092,  3.6,18.1
SSPHOX01004,2020-07-31T14:04:28,    196, 0020, 17.8296,8.0836,8.0990,-0.850222,-0.902666, 17.7298,    0.165,  26.6043,  3.57499,  8.126,  3.5,18.0
SSPHOX01004,2020-07-31T15:04:28,    197, 0020, 17.7269,8.0853,8.1009,-0.850227,-0.902595, 17.6221,    0.170,  26.6102,  3.56761,  8.140,  3.5,17.9
SSPHOX01004,2020-07-31T16:04:28,    198, 0020, 17.6670,8.0861,8.1018,-0.850240,-0.902565, 17.5468,    0.174,  26.6150,  3.56347,  8.162,  3.5,17.8
SSPHOX01004,2020-07-31T17:04:28,    199, 0020, 17.6608,8.0857,8.1016,-0.850270,-0.902579, 17.5210,    0.174,  26.6194,  3.56351,  8.165,  3.5,17.8
SSPHOX01004,2020-07-31T18:04:28,    200, 0020, 17.7060,8.0844,8.1011,-0.850307,-0.902593, 17.5472,    0.176,  26.6240,  3.56763,  8.169,  3.5,17.8
SSPHOX01004,2020-07-31T19:04:28,    201, 0020, 17.8133,8.0832,8.1003,-0.850284,-0.902597, 17.6289,    0.178,  26.6282,  3.57660,  8.161,  3.5,17.9
SSPHOX01004,2020-07-31T20:04:28,    202, 0020, 17.9793,8.0800,8.0969,-0.850321,-0.902728, 17.7748,    0.183,  26.6314,  3.59010,  8.137,  3.5,18.1
SSPHOX01004,2020-07-31T21:04:28,    203, 0020, 18.1979,8.0765,8.0925,-0.850327,-0.902898, 17.9749,    0.181,  26.6346,  3.60777,  8.104,  3.6,18.3
SSPHOX01004,2020-07-31T22:04:28,    204, 0020, 18.4358,8.0730,8.0886,-0.850318,-0.903033, 18.2033,    0.179,  26.6381,  3.62704,  8.061,  3.7,18.5
SSPHOX01004,2020-07-31T23:04:28,    205, 0020, 18.5782,8.0713,8.0851,-0.850291,-0.903180, 18.3753,    0.178,  26.6440,  3.63905,  8.035,  3.8,18.7
SSPHOX01004,2020-08-01T00:04:28,    206, 0020, 18.7384,8.0696,8.0819,-0.850253,-0.903303, 18.5435,    0.170,  26.6486,  3.65234,  7.994,  3.8,18.8
SSPHOX01004,2020-08-01T01:04:28,    207, 0020, 18.8231,8.0679,8.0798,-0.850276,-0.903396, 18.6391,    0.168,  26.6547,  3.65983,  7.984,  3.9,18.9
SSPHOX01004,2020-08-01T02:04:28,    208, 0020, 19.0059,8.0645,8.0764,-0.850312,-0.903524, 18.7975,    0.168,  26.6587,  3.67486,  7.947,  3.9,19.0
SSPHOX01004,2020-08-01T03:04:28,    209, 0020, 19.0614,8.0632,8.0742,-0.850345,-0.903626, 18.8799,    0.168,  26.6654,  3.68011,  7.934,  3.9,19.1
SSPHOX01004,2020-08-01T04:04:28,    210, 0020, 19.1560,8.0627,8.0731,-0.850292,-0.903654, 18.9755,    0.172,  26.6704,  3.68827,  7.922,  4.0,19.3
SSPHOX01004,2020-08-01T05:04:28,    211, 0020, 19.1872,8.0616,8.0721,-0.850333,-0.903701, 19.0272,    0.175,  26.6756,  3.69140,  7.910,  4.0,19.3
SSPHOX01004,2020-08-01T06:04:28,    212, 0020, 19.1552,8.0623,8.0726,-0.850324,-0.903684, 19.0184,    0.175,  26.6812,  3.68955,  7.913,  4.0,19.3
SSPHOX01004,2020-08-01T07:04:28,    213, 0020, 19.0681,8.0643,8.0744,-0.850295,-0.903617, 18.9523,    0.175,  26.6878,  3.68343,  7.927,  4.0,19.2
SSPHOX01004,2020-08-01T08:04:28,    214, 0020, 18.9458,8.0657,8.0764,-0.850329,-0.903544, 18.8436,    0.174,  26.6940,  3.67446,  7.932,  3.9,19.1
SSPHOX01004,2020-08-01T09:04:28,    215, 0020, 18.7940,8.0683,8.0798,-0.850324,-0.903403, 18.7023,    0.171,  26.7002,  3.66315,  7.958,  3.9,19.0
SSPHOX01004,2020-08-01T10:04:28,    216, 0020, 18.6184,8.0700,8.0829,-0.850387,-0.903294, 18.5365,    0.169,  26.7074,  3.65006,  7.985,  3.8,18.8
SSPHOX01004,2020-08-01T11:04:28,    217, 0020, 18.4452,8.0733,8.0867,-0.850363,-0.903139, 18.3635,    0.167,  26.7136,  3.63706,  8.006,  3.8,18.6
SSPHOX01004,2020-08-01T12:04:28,    218, 0020, 18.2952,8.0753,8.0892,-0.850387,-0.903054, 18.2079,    0.168,  26.7200,  3.62593,  8.037,  3.7,18.5
SSPHOX01004,2020-08-01T13:04:28,    219, 0020, 18.1439,8.0773,8.0920,-0.850416,-0.902946, 18.0563,    0.170,  26.7256,  3.61459,  8.052,  3.7,18.3
SSPHOX01004,2020-08-01T14:04:28,    220, 0020, 17.9917,8.0794,8.0943,-0.850436,-0.902876, 17.9035,    0.165,  26.7310,  3.60318,  8.081,  3.7,18.1
SSPHOX01004,2020-08-01T15:04:28,    221, 0020, 17.8750,8.0812,8.0952,-0.850444,-0.902866, 17.7741,    0.164,  26.7365,  3.59460,  8.108,  3.6,18.1
SSPHOX01004,2020-08-01T16:04:28,    222, 0020, 17.8258,8.0813,8.0961,-0.850488,-0.902831, 17.7025,    0.167,  26.7411,  3.59127,  8.121,  3.6,18.0
SSPHOX01004,2020-08-01T17:04:28,    223, 0020, 17.8339,8.0821,8.0969,-0.850436,-0.902787, 17.6886,    0.169,  26.7455,  3.59244,  8.133,  3.6,18.0
SSPHOX01004,2020-08-01T18:04:28,    224, 0020, 17.8894,8.0800,8.0952,-0.850514,-0.902860, 17.7251,    0.171,  26.7497,  3.59735,  8.129,  3.6,18.0
SSPHOX01004,2020-08-01T19:04:28,    225, 0020, 18.0101,8.0789,8.0940,-0.850471,-0.902882, 17.8220,    0.175,  26.7541,  3.60746,  8.127,  3.6,18.1
SSPHOX01004,2020-08-01T20:04:28,    226, 0020, 18.1847,8.0765,8.0914,-0.850454,-0.902968, 17.9772,    0.180,  26.7578,  3.62177,  8.093,  3.7,18.3
SSPHOX01004,2020-08-01T21:04:28,    227, 0020, 18.4077,8.0728,8.0875,-0.850469,-0.903107, 18.1848,    0.178,  26.7620,  3.64001,  8.066,  3.7,18.5
SSPHOX01004,2020-08-01T22:04:28,    228, 0020, 18.5697,8.0707,8.0841,-0.850448,-0.903240, 18.3732,    0.175,  26.7673,  3.65356,  8.023,  3.8,18.7
SSPHOX01004,2020-08-01T23:04:28,    229, 0020, 18.7540,8.0680,8.0801,-0.850438,-0.903405, 18.5463,    0.176,  26.7710,  3.66871,  7.992,  3.9,18.8
SSPHOX01004,2020-08-02T00:04:28,    230, 0020, 18.8558,8.0666,8.0782,-0.850435,-0.903473, 18.6651,    0.173,  26.7772,  3.67760,  7.969,  3.9,19.0
SSPHOX01004,2020-08-02T01:04:28,    231, 0020, 18.9683,8.0652,8.0760,-0.850419,-0.903557, 18.7804,    0.167,  26.7818,  3.68714,  7.954,  3.9,19.0
SSPHOX01004,2020-08-02T02:04:28,    232, 0020, 19.0329,8.0656,8.0756,-0.850344,-0.903559, 18.8600,    0.164,  26.7883,  3.69312,  7.930,  4.0,19.1
SSPHOX01004,2020-08-02T03:04:28,    233, 0020, 19.1774,8.0631,8.0731,-0.850359,-0.903646, 18.9823,    0.169,  26.7935,  3.70533,  7.911,  4.0,19.3
SSPHOX01004,2020-08-02T04:04:28,    234, 0020, 19.2812,8.0623,8.0720,-0.850318,-0.903672, 19.0971,    0.169,  26.7975,  3.71414,  7.905,  4.0,19.3
SSPHOX01004,2020-08-02T05:04:28,    235, 0020, 19.3084,8.0620,8.0720,-0.850311,-0.903659, 19.1486,    0.172,  26.8026,  3.71695,  7.892,  4.1,19.4
SSPHOX01004,2020-08-02T06:04:28,    236, 0020, 19.2750,8.0634,8.0728,-0.850267,-0.903627, 19.1387,    0.175,  26.8084,  3.71501,  7.894,  4.1,19.4
SSPHOX01004,2020-08-02T07:04:28,    237, 0020, 19.1888,8.0646,8.0742,-0.850283,-0.903578, 19.0726,    0.174,  26.8152,  3.70894,  7.901,  4.0,19.3
SSPHOX01004,2020-08-02T08:04:28,    238, 0020, 19.0619,8.0676,8.0779,-0.850228,-0.903416, 18.9615,    0.174,  26.8209,  3.69949,  7.918,  4.0,19.2
SSPHOX01004,2020-08-02T09:04:28,    239, 0020, 18.9001,8.0685,8.0795,-0.850328,-0.903383, 18.8122,    0.173,  26.8277,  3.68739,  7.932,  4.0,19.1
SSPHOX01004,2020-08-02T10:04:28,    240, 0020, 18.7173,8.0724,8.0840,-0.850275,-0.903191, 18.6379,    0.170,  26.8346,  3.67362,  7.957,  3.9,18.9
SSPHOX01004,2020-08-02T11:04:28,    241, 0020, 18.5266,8.0754,8.0883,-0.850282,-0.903015, 18.4517,    0.168,  26.8412,  3.65922,  7.993,  3.8,18.7
SSPHOX01004,2020-08-02T12:04:28,    242, 0020, 18.3446,8.0772,8.0906,-0.850347,-0.902951, 18.2656,    0.168,  26.8474,  3.64545,  8.016,  3.8,18.5
SSPHOX01004,2020-08-02T13:04:28,    243, 0020, 18.1910,8.0797,8.0938,-0.850348,-0.902826, 18.1037,    0.162,  26.8534,  3.63395,  8.043,  3.7,18.4
SSPHOX01004,2020-08-02T14:04:28,    244, 0020, 18.0527,8.0823,8.0961,-0.850327,-0.902746, 17.9590,    0.161,  26.8590,  3.62360,  8.077,  3.7,18.2
SSPHOX01004,2020-08-02T15:04:28,    245, 0020, 17.9418,8.0835,8.0978,-0.850365,-0.902691, 17.8387,    0.162,  26.8644,  3.61544,  8.090,  3.6,18.1
SSPHOX01004,2020-08-02T16:04:28,    246, 0020, 17.8833,8.0837,8.0979,-0.850410,-0.902707, 17.7624,    0.169,  26.8696,  3.61141,  8.100,  3.6,18.1
SSPHOX01004,2020-08-02T17:04:28,    247, 0020, 17.8664,8.0844,8.0987,-0.850392,-0.902667, 17.7290,    0.170,  26.8743,  3.61063,  8.124,  3.6,18.0
SSPHOX01004,2020-08-02T18:04:28,    248, 0020, 17.9109,8.0830,8.0979,-0.850439,-0.902696, 17.7520,    0.172,  26.8789,  3.61473,  8.121,  3.6,18.0
SSPHOX01004,2020-08-02T19:04:28,    249, 0020, 17.9993,8.0829,8.0967,-0.850368,-0.902730, 17.8220,    0.175,  26.8833,  3.62230,  8.116,  3.6,18.1
SSPHOX01004,2020-08-02T20:04:28,    250, 0020, 18.1437,8.0799,8.0950,-0.850410,-0.902774, 17.9460,    0.179,  26.8878,  3.63436,  8.097,  3.7,18.2
SSPHOX01004,2020-08-02T21:04:28,    251, 0020, 18.3331,8.0774,8.0923,-0.850387,-0.902856, 18.1180,    0.179,  26.8918,  3.64996,  8.065,  3.8,18.4
SSPHOX01004,2020-08-02T22:04:28,    252, 0020, 18.5630,8.0738,8.0875,-0.850389,-0.903047, 18.3347,    0.178,  26.8959,  3.66884,  8.035,  3.8,18.6
SSPHOX01004,2020-08-02T23:04:28,    253, 0020, 18.6849,8.0712,8.0840,-0.850436,-0.903203, 18.4803,    0.176,  26.9015,  3.67929,  8.000,  3.9,18.8
SSPHOX01004,2020-08-03T00:04:28,    254, 0020, 18.8067,8.0707,8.0813,-0.850360,-0.903314, 18.6228,    0.178,  26.9080,  3.68985,  7.977,  3.9,18.9
SSPHOX01004,2020-08-03T01:04:28,    255, 0020, 18.8993,8.0691,8.0800,-0.850374,-0.903352, 18.7197,    0.177,  26.9138,  3.69800,  7.958,  4.0,19.0
SSPHOX01004,2020-08-03T02:04:28,    256, 0020, 19.0045,8.0686,8.0789,-0.850311,-0.903378, 18.8136,    0.173,  26.9186,  3.70703,  7.935,  4.0,19.1
SSPHOX01004,2020-08-03T03:04:28,    257, 0020, 19.1595,8.0665,8.0767,-0.850299,-0.903445, 18.9593,    0.172,  26.9241,  3.72016,  7.927,  4.0,19.2
SSPHOX01004,2020-08-03T04:04:28,    258, 0020, 19.2673,8.0658,8.0752,-0.850244,-0.903494, 19.0808,    0.178,  26.9291,  3.72945,  7.910,  4.1,19.3
SSPHOX01004,2020-08-03T05:04:28,    259, 0020, 19.3037,8.0661,8.0754,-0.850198,-0.903465, 19.1414,    0.182,  26.9340,  3.73300,  7.898,  4.1,19.4
SSPHOX01004,2020-08-03T06:04:28,    260, 0020, 19.2768,8.0662,8.0754,-0.850223,-0.903476, 19.1373,    0.182,  26.9398,  3.73155,  7.898,  4.1,19.4
SSPHOX01004,2020-08-03T07:04:28,    261, 0020, 19.2078,8.0677,8.0771,-0.850205,-0.903406, 19.0856,    0.178,  26.9467,  3.72686,  7.901,  4.1,19.3
SSPHOX01004,2020-08-03T08:04:28,    262, 0020, 19.1076,8.0699,8.0796,-0.850177,-0.903299, 18.9969,    0.175,  26.9530,  3.71959,  7.916,  4.1,19.3
SSPHOX01004,2020-08-03T09:04:28,    263, 0020, 18.9833,8.0723,8.0824,-0.850154,-0.903182, 18.8833,    0.170,  26.9590,  3.71034,  7.925,  4.0,19.1
SSPHOX01004,2020-08-03T10:04:28,    264, 0020, 18.8430,8.0752,8.0865,-0.850117,-0.903000, 18.7486,    0.169,  26.9660,  3.69994,  7.937,  4.0,19.0
SSPHOX01004,2020-08-03T11:04:28,    265, 0020, 18.6954,8.0772,8.0889,-0.850145,-0.902915, 18.6033,    0.167,  26.9727,  3.68891,  7.969,  3.9,18.9
SSPHOX01004,2020-08-03T12:04:28,    266, 0020, 18.5533,8.0796,8.0919,-0.850140,-0.902797, 18.4605,    0.169,  26.9794,  3.67833,  7.986,  3.9,18.7
SSPHOX01004,2020-08-03T13:04:28,    267, 0020, 18.4147,8.0821,8.0947,-0.850125,-0.902689, 18.3217,    0.170,  26.9853,  3.66795,  8.007,  3.8,18.6
SSPHOX01004,2020-08-03T14:04:28,    268, 0020, 18.2840,8.0841,8.0970,-0.850135,-0.902605, 18.1873,    0.166,  26.9907,  3.65814,  8.032,  3.8,18.4
SSPHOX01004,2020-08-03T15:04:28,    269, 0020, 18.1916,8.0852,8.0986,-0.850164,-0.902549, 18.0825,    0.162,  26.9980,  3.65162,  8.055,  3.8,18.3
SSPHOX01004,2020-08-03T16:04:28,    270, 0020, 18.1865,8.0848,8.0976,-0.850190,-0.902610, 18.0476,    0.163,  27.0009,  3.65158,  8.061,  3.8,18.3
SSPHOX01004,2020-08-03T17:04:28,    271, 0020, 18.2450,8.0842,8.0975,-0.850181,-0.902590, 18.0794,    0.167,  27.0056,  3.65683,  8.058,  3.8,18.4
SSPHOX01004,2020-08-03T18:04:28,    272, 0020, 18.3757,8.0825,8.0956,-0.850164,-0.902650, 18.1830,    0.171,  27.0092,  3.66774,  8.044,  3.8,18.4
SSPHOX01004,2020-08-03T19:04:28,    273, 0020, 18.5486,8.0797,8.0928,-0.850169,-0.902749, 18.3397,    0.177,  27.0145,  3.68228,  8.028,  3.9,18.6
SSPHOX01004,2020-08-03T20:04:28,    274, 0020, 18.7704,8.0762,8.0885,-0.850173,-0.902911, 18.5445,    0.176,  27.0189,  3.70064,  7.992,  4.0,18.8
SSPHOX01004,2020-08-03T21:04:28,    275, 0020, 18.8656,8.0752,8.0859,-0.850154,-0.903024, 18.6756,    0.174,  27.0245,  3.70899,  7.971,  4.0,19.0
SSPHOX01004,2020-08-03T22:04:28,    276, 0020, 19.0154,8.0735,8.0831,-0.850115,-0.903130, 18.8124,    0.173,  27.0288,  3.72159,  7.945,  4.0,19.1
SSPHOX01004,2020-08-03T23:04:28,    277, 0020, 19.1654,8.0713,8.0804,-0.850116,-0.903229, 18.9636,    0.175,  27.0340,  3.73432,  7.922,  4.1,19.3
SSPHOX01004,2020-08-04T00:04:28,    278, 0020, 19.2934,8.0697,8.0785,-0.850093,-0.903291, 19.0969,    0.178,  27.0405,  3.74546,  7.897,  4.1,19.4
SSPHOX01004,2020-08-04T01:04:28,    279, 0020, 19.3862,8.0695,8.0774,-0.850029,-0.903319, 19.2027,    0.171,  27.0475,  3.75383,  7.879,  4.2,19.5
SSPHOX01004,2020-08-04T02:04:28,    280, 0020, 19.4398,8.0686,8.0772,-0.850038,-0.903311, 19.2706,    0.165,  27.0543,  3.75901,  7.861,  4.2,19.6
SSPHOX01004,2020-08-04T03:04:28,    281, 0020, 19.4468,8.0685,8.0768,-0.850048,-0.903328, 19.2956,    0.162,  27.0620,  3.76055,  7.854,  4.2,19.6
SSPHOX01004,2020-08-04T04:04:28,    282, 0020, 19.5222,8.0681,8.0760,-0.850004,-0.903350, 19.3490,    0.167,  27.0664,  3.76719,  7.850,  4.2,19.6
SSPHOX01004,2020-08-04T05:04:28,    283, 0020, 19.6055,8.0671,8.0743,-0.849989,-0.903417, 19.4296,    0.168,  27.0706,  3.77447,  7.841,  4.3,19.7
SSPHOX01004,2020-08-04T06:04:28,    284, 0020, 19.6300,8.0673,8.0748,-0.849959,-0.903376, 19.4740,    0.167,  27.0752,  3.77703,  7.828,  4.3,19.7
SSPHOX01004,2020-08-04T07:04:28,    285, 0020, 19.5992,8.0687,8.0759,-0.849910,-0.903325, 19.4625,    0.166,  27.0803,  3.77517,  7.838,  4.3,19.7
SSPHOX01004,2020-08-04T08:04:28,    286, 0020, 19.5183,8.0700,8.0769,-0.849913,-0.903296, 19.4001,    0.162,  27.0862,  3.76936,  7.838,  4.3,19.7
SSPHOX01004,2020-08-04T09:04:28,    287, 0020, 19.4073,8.0725,8.0803,-0.849878,-0.903142, 19.3005,    0.160,  27.0919,  3.76109,  7.845,  4.2,19.6
SSPHOX01004,2020-08-04T10:04:28,    288, 0020, 19.2865,8.0738,8.0826,-0.849917,-0.903058, 19.1848,    0.158,  27.0980,  3.75208,  7.857,  4.2,19.4
SSPHOX01004,2020-08-04T11:04:28,    289, 0020, 19.1786,8.0759,8.0850,-0.849896,-0.902959, 19.0732,    0.155,  27.1031,  3.74399,  7.876,  4.1,19.3
SSPHOX01004,2020-08-04T12:04:28,    290, 0020, 19.0701,8.0791,8.0889,-0.849818,-0.902771, 18.9638,    0.154,  27.1084,  3.73588,  7.889,  4.1,19.2
SSPHOX01004,2020-08-04T13:04:28,    291, 0020, 18.9471,8.0804,8.0908,-0.849861,-0.902710, 18.8469,    0.152,  27.1155,  3.72683,  7.911,  4.1,19.1
SSPHOX01004,2020-08-04T14:04:28,    292, 0020, 18.8238,8.0825,8.0933,-0.849854,-0.902614, 18.7236,    0.154,  27.1202,  3.71745,  7.925,  4.0,19.0
SSPHOX01004,2020-08-04T15:04:28,    293, 0020, 18.6975,8.0851,8.0961,-0.849825,-0.902498, 18.5990,    0.155,  27.1264,  3.70803,  7.952,  4.0,18.9
SSPHOX01004,2020-08-04T16:04:28,    294, 0020, 18.5992,8.0858,8.0973,-0.849876,-0.902464, 18.4906,    0.155,  27.1312,  3.70069,  7.962,  4.0,18.7
SSPHOX01004,2020-08-04T17:04:28,    295, 0020, 18.5279,8.0872,8.0986,-0.849866,-0.902417, 18.4097,    0.151,  27.1363,  3.69557,  7.978,  4.0,18.7
SSPHOX01004,2020-08-04T18:04:28,    296, 0020, 18.4874,8.0876,8.0995,-0.849884,-0.902381, 18.3567,    0.150,  27.1415,  3.69294,  7.993,  3.9,18.6
SSPHOX01004,2020-08-04T19:04:28,    297, 0020, 18.5095,8.0877,8.0997,-0.849862,-0.902363, 18.3587,    0.152,  27.1468,  3.69537,  7.991,  3.9,18.6
SSPHOX01004,2020-08-04T20:04:28,    298, 0020, 18.5931,8.0858,8.0985,-0.849902,-0.902399, 18.4177,    0.154,  27.1509,  3.70262,  7.987,  4.0,18.7
SSPHOX01004,2020-08-04T21:04:28,    299, 0020, 18.7251,8.0846,8.0964,-0.849854,-0.902469, 18.5307,    0.157,  27.1557,  3.71387,  7.966,  4.0,18.8
SSPHOX01004,2020-08-04T22:04:28,    300, 0020, 18.8985,8.0828,8.0939,-0.849807,-0.902550, 18.6890,    0.154,  27.1606,  3.72847,  7.948,  4.0,19.0
SSPHOX01004,2020-08-04T23:04:28,    301, 0020, 19.0569,8.0802,8.0907,-0.849814,-0.902675, 18.8620,    0.149,  27.1658,  3.74193,  7.921,  4.1,19.1
SSPHOX01004,2020-08-05T00:04:28,    302, 0020, 19.1998,8.0778,8.0876,-0.849827,-0.902801, 18.9908,    0.150,  27.1704,  3.75409,  7.890,  4.1,19.3
SSPHOX01004,2020-08-05T01:04:28,    303, 0020, 19.2475,8.0785,8.0869,-0.849751,-0.902822, 19.0717,    0.150,  27.1766,  3.75872,  7.867,  4.2,19.3
SSPHOX01004,2020-08-05T02:04:28,    304, 0020, 19.3954,8.0762,8.0835,-0.849752,-0.902959, 19.1982,    0.154,  27.1816,  3.77135,  7.851,  4.2,19.5
SSPHOX01004,2020-08-05T03:04:28,    305, 0020, 19.5113,8.0746,8.0815,-0.849743,-0.903032, 19.3208,    0.145,  27.1863,  3.78134,  7.829,  4.2,19.6
SSPHOX01004,2020-08-05T04:04:28,    306, 0020, 19.5555,8.0752,8.0818,-0.849674,-0.902997, 19.3905,    0.147,  27.1912,  3.78555,  7.827,  4.3,19.7
SSPHOX01004,2020-08-05T05:04:28,    307, 0020, 19.5372,8.0752,8.0817,-0.849693,-0.903010, 19.3946,    0.150,  27.1962,  3.78469,  7.825,  4.3,19.7
SSPHOX01004,2020-08-05T06:04:28,    308, 0020, 19.4639,8.0767,8.0835,-0.849677,-0.902937, 19.3420,    0.148,  27.2024,  3.77950,  7.825,  4.3,19.6
SSPHOX01004,2020-08-05T07:04:28,    309, 0020, 19.3551,8.0789,8.0865,-0.849657,-0.902800, 19.2473,    0.145,  27.2083,  3.77140,  7.831,  4.2,19.5
SSPHOX01004,2020-08-05T08:04:28,    310, 0020, 19.2219,8.0806,8.0882,-0.849685,-0.902754, 19.1239,    0.144,  27.2146,  3.76137,  7.853,  4.2,19.4
SSPHOX01004,2020-08-05T09:04:28,    311, 0020, 19.0825,8.0820,8.0908,-0.849738,-0.902658, 18.9882,    0.142,  27.2208,  3.75083,  7.872,  4.1,19.2
SSPHOX01004,2020-08-05T10:04:28,    312, 0020, 18.9438,8.0844,8.0938,-0.849728,-0.902537, 18.8483,    0.139,  27.2271,  3.74037,  7.897,  4.1,19.1
SSPHOX01004,2020-08-05T11:04:28,    313, 0020, 18.7970,8.0861,8.0965,-0.849772,-0.902438, 18.7051,    0.139,  27.2334,  3.72925,  7.914,  4.1,19.0
SSPHOX01004,2020-08-05T12:04:28,    314, 0020, 18.6737,8.0888,8.0994,-0.849730,-0.902316, 18.5739,    0.140,  27.2383,  3.71988,  7.935,  4.0,18.8
SSPHOX01004,2020-08-05T13:04:28,    315, 0020, 18.5641,8.0895,8.1005,-0.849795,-0.902296, 18.4596,    0.136,  27.2446,  3.71179,  7.954,  4.0,18.7
SSPHOX01004,2020-08-05T14:04:28,    316, 0020, 18.4655,8.0913,8.1027,-0.849786,-0.902203, 18.3581,    0.134,  27.2498,  3.70444,  7.969,  3.9,18.6
SSPHOX01004,2020-08-05T15:04:28,    317, 0020, 18.3886,8.0933,8.1041,-0.849747,-0.902156, 18.2720,    0.132,  27.2549,  3.69886,  7.977,  3.9,18.5
SSPHOX01004,2020-08-05T16:04:28,    318, 0020, 18.3489,8.0933,8.1048,-0.849787,-0.902128, 18.2204,    0.133,  27.2602,  3.69629,  7.993,  3.9,18.5
SSPHOX01004,2020-08-05T17:04:28,    319, 0020, 18.3650,8.0926,8.1037,-0.849816,-0.902187, 18.2161,    0.134,  27.2647,  3.69814,  8.007,  3.9,18.5
SSPHOX01004,2020-08-05T18:04:28,    320, 0020, 18.4296,8.0918,8.1031,-0.849812,-0.902194, 18.2612,    0.138,  27.2692,  3.70391,  8.000,  3.9,18.5
SSPHOX01004,2020-08-05T19:04:28,    321, 0020, 18.5384,8.0903,8.1017,-0.849800,-0.902236, 18.3536,    0.142,  27.2724,  3.71311,  7.988,  3.9,18.6
SSPHOX01004,2020-08-05T20:04:28,    322, 0020, 18.6715,8.0888,8.1000,-0.849769,-0.902283, 18.4754,    0.145,  27.2775,  3.72452,  7.965,  4.0,18.7
SSPHOX01004,2020-08-05T21:04:28,    323, 0020, 18.8550,8.0866,8.0960,-0.849733,-0.902445, 18.6424,    0.145,  27.2816,  3.73991,  7.937,  4.0,18.9
SSPHOX01004,2020-08-05T22:04:28,    324, 0020, 19.0195,8.0839,8.0935,-0.849746,-0.902527, 18.8226,    0.148,  27.2875,  3.75400,  7.910,  4.1,19.1
SSPHOX01004,2020-08-05T23:04:28,    325, 0020, 19.1577,8.0815,8.0897,-0.849765,-0.902692, 18.9505,    0.145,  27.2929,  3.76591,  7.881,  4.1,19.2
SSPHOX01004,2020-08-06T00:04:28,    326, 0020, 19.2068,8.0799,8.0874,-0.849817,-0.902804, 19.0355,    0.145,  27.2996,  3.77073,  7.868,  4.2,19.3
SSPHOX01004,2020-08-06T01:04:28,    327, 0020, 19.3439,8.0799,8.0864,-0.849694,-0.902813, 19.1508,    0.146,  27.3052,  3.78259,  7.846,  4.2,19.4
SSPHOX01004,2020-08-06T02:04:28,    328, 0020, 19.4586,8.0783,8.0845,-0.849686,-0.902877, 19.2694,    0.149,  27.3096,  3.79248,  7.838,  4.3,19.6
SSPHOX01004,2020-08-06T03:04:28,    329, 0020, 19.5050,8.0781,8.0837,-0.849664,-0.902907, 19.3389,    0.145,  27.3152,  3.79697,  7.823,  4.3,19.6
SSPHOX01004,2020-08-06T04:04:28,    330, 0020, 19.4710,8.0788,8.0842,-0.849661,-0.902893, 19.3333,    0.144,  27.3210,  3.79493,  7.817,  4.3,19.6
SSPHOX01004,2020-08-06T05:04:28,    331, 0020, 19.3770,8.0810,8.0865,-0.849624,-0.902791, 19.2622,    0.141,  27.3278,  3.78812,  7.830,  4.3,19.5
SSPHOX01004,2020-08-06T06:04:28,    332, 0020, 19.2484,8.0836,8.0897,-0.849596,-0.902660, 19.1486,    0.135,  27.3354,  3.77857,  7.842,  4.2,19.4
SSPHOX01004,2020-08-06T07:04:28,    333, 0020, 19.1046,8.0855,8.0930,-0.849620,-0.902520, 19.0099,    0.134,  27.3414,  3.76761,  7.861,  4.2,19.3
SSPHOX01004,2020-08-06T08:04:28,    334, 0020, 18.9484,8.0882,8.0961,-0.849615,-0.902403, 18.8584,    0.133,  27.3483,  3.75574,  7.878,  4.1,19.1
SSPHOX01004,2020-08-06T09:04:28,    335, 0020, 18.7981,8.0916,8.1000,-0.849563,-0.902233, 18.7072,    0.131,  27.3550,  3.74435,  7.906,  4.1,19.0
SSPHOX01004,2020-08-06T10:04:28,    336, 0020, 18.6568,8.0939,8.1031,-0.849561,-0.902109, 18.5639,    0.127,  27.3608,  3.73357,  7.915,  4.1,18.8
SSPHOX01004,2020-08-06T11:04:28,    337, 0020, 18.5172,8.0968,8.1062,-0.849526,-0.901982, 18.4236,    0.126,  27.3672,  3.72302,  7.950,  4.0,18.7
SSPHOX01004,2020-08-06T12:04:28,    338, 0020, 18.3748,8.0974,8.1076,-0.849629,-0.901958, 18.2816,    0.121,  27.3733,  3.71220,  7.964,  4.0,18.5
SSPHOX01004,2020-08-06T13:04:28,    339, 0020, 18.2377,8.1005,8.1107,-0.849583,-0.901832, 18.1454,    0.116,  27.3805,  3.70196,  7.985,  3.9,18.4
SSPHOX01004,2020-08-06T14:04:28,    340, 0020, 18.1083,8.1010,8.1116,-0.849674,-0.901827, 18.0125,    0.114,  27.3852,  3.69205,  8.003,  3.9,18.3
SSPHOX01004,2020-08-06T15:04:28,    341, 0020, 18.0041,8.1027,8.1134,-0.849676,-0.901768, 17.8981,    0.120,  27.3906,  3.68426,  8.026,  3.8,18.1
SSPHOX01004,2020-08-06T16:04:28,    342, 0020, 17.9435,8.1030,8.1139,-0.849717,-0.901758, 17.8212,    0.124,  27.3958,  3.67998,  8.043,  3.8,18.1
SSPHOX01004,2020-08-06T17:04:28,    343, 0020, 17.9628,8.1027,8.1137,-0.849724,-0.901764, 17.8123,    0.126,  27.4007,  3.68214,  8.044,  3.8,18.1
SSPHOX01004,2020-08-06T18:04:28,    344, 0020, 18.0686,8.1013,8.1126,-0.849711,-0.901788, 17.8863,    0.130,  27.4051,  3.69124,  8.041,  3.9,18.1
SSPHOX01004,2020-08-06T19:04:28,    345, 0020, 18.2336,8.0985,8.1098,-0.849724,-0.901885, 18.0295,    0.136,  27.4092,  3.70513,  8.029,  3.9,18.3
SSPHOX01004,2020-08-06T20:04:28,    346, 0020, 18.4252,8.0959,8.1064,-0.849706,-0.902008, 18.2104,    0.142,  27.4130,  3.72115,  8.002,  3.9,18.5
SSPHOX01004,2020-08-06T21:04:28,    347, 0020, 18.6518,8.0924,8.1020,-0.849704,-0.902173, 18.4250,    0.140,  27.4175,  3.74014,  7.963,  4.0,18.7
SSPHOX01004,2020-08-06T22:04:28,    348, 0020, 18.7809,8.0894,8.0977,-0.849768,-0.902371, 18.5877,    0.136,  27.4222,  3.75123,  7.934,  4.1,18.9
SSPHOX01004,2020-08-06T23:04:28,    349, 0020, 18.9495,8.0877,8.0949,-0.849711,-0.902468, 18.7502,    0.137,  27.4269,  3.76556,  7.908,  4.1,19.0
SSPHOX01004,2020-08-07T00:04:28,    350, 0020, 19.0493,8.0865,8.0924,-0.849700,-0.902575, 18.8584,    0.139,  27.4335,  3.77451,  7.874,  4.2,19.1
SSPHOX01004,2020-08-07T01:04:28,    351, 0020, 19.1442,8.0854,8.0911,-0.849682,-0.902616, 18.9623,    0.130,  27.4394,  3.78300,  7.862,  4.2,19.3
SSPHOX01004,2020-08-07T02:04:28,    352, 0020, 19.2221,8.0839,8.0893,-0.849704,-0.902694, 19.0390,    0.127,  27.4452,  3.79009,  7.840,  4.2,19.3
SSPHOX01004,2020-08-07T03:04:28,    353, 0020, 19.3713,8.0821,8.0875,-0.849674,-0.902737, 19.1725,    0.128,  27.4503,  3.80293,  7.826,  4.3,19.4
SSPHOX01004,2020-08-07T04:04:28,    354, 0020, 19.4788,8.0811,8.0859,-0.849635,-0.902791, 19.2914,    0.131,  27.4550,  3.81233,  7.816,  4.3,19.6
SSPHOX01004,2020-08-07T05:04:28,    355, 0020, 19.5300,8.0808,8.0848,-0.849615,-0.902834, 19.3617,    0.134,  27.4605,  3.81720,  7.801,  4.3,19.6
SSPHOX01004,2020-08-07T06:04:28,    356, 0020, 19.5217,8.0813,8.0848,-0.849599,-0.902836, 19.3757,    0.134,  27.4659,  3.81720,  7.796,  4.4,19.6
SSPHOX01004,2020-08-07T07:04:28,    357, 0020, 19.4610,8.0831,8.0873,-0.849555,-0.902718, 19.3342,    0.135,  27.4720,  3.81299,  7.803,  4.4,19.6
SSPHOX01004,2020-08-07T08:04:28,    358, 0020, 19.3521,8.0842,8.0885,-0.849596,-0.902690, 19.2444,    0.137,  27.4789,  3.80492,  7.812,  4.3,19.5
SSPHOX01004,2020-08-07T09:04:28,    359, 0020, 19.1990,8.0879,8.0931,-0.849526,-0.902482, 19.1075,    0.131,  27.4859,  3.79326,  7.833,  4.3,19.4
SSPHOX01004,2020-08-07T10:04:28,    360, 0020, 19.0071,8.0909,8.0968,-0.849536,-0.902337, 18.9279,    0.129,  27.4934,  3.77849,  7.853,  4.2,19.2
SSPHOX01004,2020-08-07T11:04:28,    361, 0020, 18.7985,8.0948,8.1021,-0.849507,-0.902114, 18.7271,    0.128,  27.5010,  3.76237,  7.876,  4.1,19.0
SSPHOX01004,2020-08-07T12:04:28,    362, 0020, 18.5941,8.0966,8.1050,-0.849594,-0.902025, 18.5234,    0.126,  27.5083,  3.74658,  7.917,  4.1,18.8
SSPHOX01004,2020-08-07T13:04:28,    363, 0020, 18.4132,8.1004,8.1089,-0.849545,-0.901868, 18.3340,    0.123,  27.5148,  3.73262,  7.942,  4.0,18.6
SSPHOX01004,2020-08-07T14:04:28,    364, 0020, 18.2550,8.1036,8.1121,-0.849512,-0.901742, 18.1695,    0.119,  27.5214,  3.72054,  7.978,  4.0,18.4
SSPHOX01004,2020-08-07T15:04:28,    365, 0020, 18.1163,8.1047,8.1142,-0.849582,-0.901674, 18.0238,    0.123,  27.5273,  3.70995,  7.998,  3.9,18.3
SSPHOX01004,2020-08-07T16:04:28,    366, 0020, 18.0319,8.1067,8.1153,-0.849547,-0.901642, 17.9186,    0.129,  27.5329,  3.70376,  8.014,  3.9,18.2
SSPHOX01004,2020-08-07T17:04:28,    367, 0020, 18.0433,8.1059,8.1145,-0.849590,-0.901685, 17.8967,    0.132,  27.5373,  3.70522,  8.023,  3.9,18.1
SSPHOX01004,2020-08-07T18:04:28,    368, 0020, 18.1223,8.1048,8.1137,-0.849581,-0.901700, 17.9480,    0.135,  27.5423,  3.71227,  8.033,  3.9,18.2
SSPHOX01004,2020-08-07T19:04:28,    369, 0020, 18.2684,8.1027,8.1118,-0.849577,-0.901754, 18.0703,    0.140,  27.5465,  3.72468,  8.018,  4.0,18.4
SSPHOX01004,2020-08-07T20:04:28,    370, 0020, 18.4660,8.0996,8.1083,-0.849578,-0.901883, 18.2474,    0.143,  27.5505,  3.74130,  7.988,  4.0,18.5
SSPHOX01004,2020-08-07T21:04:28,    371, 0020, 18.7028,8.0964,8.1042,-0.849548,-0.902029, 18.4717,    0.142,  27.5556,  3.76128,  7.959,  4.1,18.7
SSPHOX01004,2020-08-07T22:04:28,    372, 0020, 18.8356,8.0946,8.1021,-0.849539,-0.902097, 18.6231,    0.140,  27.5610,  3.77280,  7.928,  4.1,18.9
SSPHOX01004,2020-08-07T23:04:28,    373, 0020, 18.9437,8.0928,8.0982,-0.849547,-0.902280, 18.7605,    0.141,  27.5682,  3.78255,  7.895,  4.2,19.0
SSPHOX01004,2020-08-08T00:04:28,    374, 0020, 19.0261,8.0915,8.0965,-0.849555,-0.902350, 18.8456,    0.141,  27.5745,  3.79008,  7.880,  4.2,19.1
SSPHOX01004,2020-08-08T01:04:28,    375, 0020, 19.2037,8.0899,8.0943,-0.849491,-0.902409, 18.9963,    0.147,  27.5796,  3.80529,  7.862,  4.2,19.3
SSPHOX01004,2020-08-08T02:04:28,    376, 0020, 19.3523,8.0876,8.0914,-0.849491,-0.902516, 19.1511,    0.141,  27.5847,  3.81814,  7.835,  4.3,19.4
SSPHOX01004,2020-08-08T03:04:28,    377, 0020, 19.4411,8.0873,8.0907,-0.849434,-0.902529, 19.2581,    0.140,  27.5900,  3.82609,  7.824,  4.3,19.5
SSPHOX01004,2020-08-08T04:04:28,    378, 0020, 19.4705,8.0868,8.0900,-0.849438,-0.902554, 19.3101,    0.144,  27.5962,  3.82929,  7.819,  4.4,19.6
SSPHOX01004,2020-08-08T05:04:28,    379, 0020, 19.4437,8.0879,8.0910,-0.849409,-0.902509, 19.3036,    0.148,  27.6024,  3.82785,  7.817,  4.4,19.6
SSPHOX01004,2020-08-08T06:04:28,    380, 0020, 19.3729,8.0896,8.0931,-0.849382,-0.902414, 19.2505,    0.149,  27.6097,  3.82294,  7.813,  4.4,19.5
SSPHOX01004,2020-08-08T07:04:28,    381, 0020, 19.2706,8.0921,8.0960,-0.849334,-0.902283, 19.1593,    0.144,  27.6157,  3.81527,  7.828,  4.3,19.4
SSPHOX01004,2020-08-08T08:04:28,    382, 0020, 19.1324,8.0940,8.0980,-0.849357,-0.902220, 19.0348,    0.144,  27.6234,  3.80487,  7.849,  4.3,19.3
SSPHOX01004,2020-08-08T09:04:28,    383, 0020, 18.9844,8.0971,8.1013,-0.849321,-0.902088, 18.8912,    0.141,  27.6303,  3.79356,  7.863,  4.2,19.2
SSPHOX01004,2020-08-08T10:04:28,    384, 0020, 18.8442,8.0988,8.1049,-0.849352,-0.901932, 18.7482,    0.141,  27.6358,  3.78273,  7.892,  4.2,19.0
SSPHOX01004,2020-08-08T11:04:28,    385, 0020, 18.7069,8.1017,8.1085,-0.849315,-0.901775, 18.6094,    0.140,  27.6420,  3.77223,  7.911,  4.2,18.9
SSPHOX01004,2020-08-08T12:04:28,    386, 0020, 18.5785,8.1043,8.1108,-0.849290,-0.901695, 18.4793,    0.139,  27.6488,  3.76253,  7.932,  4.1,18.7
SSPHOX01004,2020-08-08T13:04:28,    387, 0020, 18.4648,8.1050,8.1122,-0.849360,-0.901658, 18.3605,    0.135,  27.6539,  3.75383,  7.961,  4.1,18.6
SSPHOX01004,2020-08-08T14:04:28,    388, 0020, 18.3492,8.1074,8.1142,-0.849332,-0.901584, 18.2459,    0.133,  27.6604,  3.74516,  7.976,  4.0,18.5
SSPHOX01004,2020-08-08T15:04:28,    389, 0020, 18.2545,8.1086,8.1156,-0.849352,-0.901539, 18.1431,    0.139,  27.6658,  3.73808,  7.992,  4.0,18.4
SSPHOX01004,2020-08-08T16:04:28,    390, 0020, 18.2040,8.1090,8.1167,-0.849379,-0.901496, 18.0775,    0.143,  27.6707,  3.73453,  8.012,  4.0,18.3
SSPHOX01004,2020-08-08T17:04:28,    391, 0020, 18.2158,8.1092,8.1176,-0.849364,-0.901442, 18.0669,    0.142,  27.6751,  3.73603,  8.015,  4.0,18.4
SSPHOX01004,2020-08-08T18:04:28,    392, 0020, 18.2888,8.1082,8.1158,-0.849357,-0.901514, 18.1184,    0.146,  27.6798,  3.74259,  8.008,  4.0,18.4
SSPHOX01004,2020-08-08T19:04:28,    393, 0020, 18.4261,8.1056,8.1132,-0.849386,-0.901616, 18.2298,    0.150,  27.6835,  3.75429,  7.992,  4.0,18.5
SSPHOX01004,2020-08-08T20:04:28,    394, 0020, 18.6129,8.1033,8.1100,-0.849349,-0.901724, 18.3995,    0.153,  27.6873,  3.77007,  7.967,  4.1,18.7
SSPHOX01004,2020-08-08T21:04:28,    395, 0020, 18.8248,8.0998,8.1060,-0.849363,-0.901877, 18.6033,    0.152,  27.6919,  3.78805,  7.935,  4.2,18.9
SSPHOX01004,2020-08-08T22:04:28,    396, 0020, 19.0459,8.0960,8.1008,-0.849386,-0.902093, 18.8226,    0.152,  27.6956,  3.80670,  7.891,  4.3,19.1
SSPHOX01004,2020-08-08T23:04:28,    397, 0020, 19.1329,8.0953,8.0989,-0.849352,-0.902166, 18.9383,    0.150,  27.7027,  3.81475,  7.873,  4.3,19.2
SSPHOX01004,2020-08-09T00:04:28,    398, 0020, 19.3195,8.0932,8.0963,-0.849308,-0.902246, 19.1090,    0.150,  27.7074,  3.83071,  7.845,  4.4,19.4
SSPHOX01004,2020-08-09T01:04:28,    399, 0020, 19.3812,8.0925,8.0954,-0.849298,-0.902276, 19.2074,    0.142,  27.7136,  3.83657,  7.827,  4.4,19.5
SSPHOX01004,2020-08-09T02:04:28,    400, 0020, 19.4772,8.0909,8.0936,-0.849305,-0.902342, 19.2972,    0.139,  27.7194,  3.84522,  7.820,  4.4,19.6
SSPHOX01004,2020-08-09T03:04:28,    401, 0020, 19.5289,8.0909,8.0932,-0.849265,-0.902348, 19.3628,    0.142,  27.7239,  3.85006,  7.817,  4.4,19.6
SSPHOX01004,2020-08-09T04:04:28,    402, 0020, 19.5093,8.0915,8.0936,-0.849253,-0.902332, 19.3667,    0.144,  27.7298,  3.84918,  7.808,  4.4,19.6
SSPHOX01004,2020-08-09T05:04:28,    403, 0020, 19.4339,8.0933,8.0948,-0.849221,-0.902289, 19.3107,    0.146,  27.7368,  3.84382,  7.812,  4.4,19.6
SSPHOX01004,2020-08-09T06:04:28,    404, 0020, 19.3280,8.0951,8.0979,-0.849223,-0.902152, 19.2148,    0.145,  27.7430,  3.83584,  7.830,  4.4,19.5
SSPHOX01004,2020-08-09T07:04:28,    405, 0020, 19.2084,8.0967,8.0994,-0.849246,-0.902111, 19.1018,    0.141,  27.7489,  3.82670,  7.846,  4.4,19.3
SSPHOX01004,2020-08-09T08:04:28,    406, 0020, 19.0811,8.1003,8.1042,-0.849156,-0.901883, 18.9759,    0.140,  27.7546,  3.81691,  7.863,  4.3,19.3
SSPHOX01004,2020-08-09T09:04:28,    407, 0020, 18.9510,8.1013,8.1064,-0.849224,-0.901806, 18.8475,    0.138,  27.7617,  3.80704,  7.878,  4.3,19.1
SSPHOX01004,2020-08-09T10:04:28,    408, 0020, 18.8274,8.1032,8.1091,-0.849231,-0.901696, 18.7216,    0.135,  27.7670,  3.79751,  7.904,  4.2,19.0
SSPHOX01004,2020-08-09T11:04:28,    409, 0020, 18.7095,8.1048,8.1107,-0.849250,-0.901646, 18.6020,    0.136,  27.7732,  3.78856,  7.918,  4.2,18.9
SSPHOX01004,2020-08-09T12:04:28,    410, 0020, 18.5949,8.1074,8.1137,-0.849209,-0.901517, 18.4847,    0.134,  27.7782,  3.77974,  7.935,  4.2,18.8
SSPHOX01004,2020-08-09T13:04:28,    411, 0020, 18.4811,8.1087,8.1146,-0.849245,-0.901513, 18.3712,    0.134,  27.7840,  3.77108,  7.957,  4.1,18.7
SSPHOX01004,2020-08-09T14:04:28,    412, 0020, 18.3697,8.1095,8.1163,-0.849307,-0.901455, 18.2580,    0.130,  27.7900,  3.76265,  7.974,  4.1,18.5
SSPHOX01004,2020-08-09T15:04:28,    413, 0020, 18.2771,8.1110,8.1175,-0.849308,-0.901425, 18.1595,    0.127,  27.7957,  3.75573,  7.996,  4.1,18.4
SSPHOX01004,2020-08-09T16:04:28,    414, 0020, 18.2510,8.1118,8.1185,-0.849289,-0.901374, 18.1145,    0.130,  27.8004,  3.75416,  7.999,  4.1,18.4
SSPHOX01004,2020-08-09T17:04:28,    415, 0020, 18.2916,8.1113,8.1182,-0.849287,-0.901377, 18.1333,    0.132,  27.8039,  3.75792,  8.010,  4.1,18.4
SSPHOX01004,2020-08-09T18:04:28,    416, 0020, 18.4007,8.1094,8.1162,-0.849297,-0.901448, 18.2202,    0.136,  27.8082,  3.76742,  7.993,  4.1,18.5
SSPHOX01004,2020-08-09T19:04:28,    417, 0020, 18.5744,8.1061,8.1126,-0.849333,-0.901592, 18.3723,    0.141,  27.8117,  3.78216,  7.972,  4.1,18.7
SSPHOX01004,2020-08-09T20:04:28,    418, 0020, 18.7839,8.1023,8.1083,-0.849368,-0.901758, 18.5691,    0.139,  27.8162,  3.79998,  7.936,  4.2,18.8
SSPHOX01004,2020-08-09T21:04:28,    419, 0020, 18.9374,8.1011,8.1055,-0.849303,-0.901860, 18.7506,    0.136,  27.8213,  3.81329,  7.911,  4.3,19.0
SSPHOX01004,2020-08-09T22:04:28,    420, 0020, 19.0989,8.0996,8.1031,-0.849248,-0.901940, 18.9006,    0.135,  27.8274,  3.82738,  7.885,  4.3,19.2
SSPHOX01004,2020-08-09T23:04:28,    421, 0020, 19.1595,8.0976,8.1007,-0.849311,-0.902053, 18.9839,    0.134,  27.8336,  3.83316,  7.862,  4.3,19.2
SSPHOX01004,2020-08-10T00:04:28,    422, 0020, 19.2360,8.0978,8.0996,-0.849236,-0.902090, 19.0654,    0.136,  27.8418,  3.84051,  7.848,  4.4,19.3
SSPHOX01004,2020-08-10T01:04:28,    423, 0020, 19.2701,8.0974,8.0998,-0.849234,-0.902061, 19.1117,    0.129,  27.8494,  3.84428,  7.841,  4.4,19.4
SSPHOX01004,2020-08-10T02:04:28,    424, 0020, 19.3684,8.0966,8.0978,-0.849194,-0.902140, 19.1918,    0.130,  27.8552,  3.85315,  7.833,  4.4,19.4
SSPHOX01004,2020-08-10T03:04:28,    425, 0020, 19.4575,8.0956,8.0964,-0.849178,-0.902186, 19.2840,    0.130,  27.8588,  3.86099,  7.829,  4.4,19.6
SSPHOX01004,2020-08-10T04:04:28,    426, 0020, 19.4734,8.0964,8.0973,-0.849122,-0.902129, 19.3196,    0.134,  27.8655,  3.86315,  7.822,  4.5,19.6
SSPHOX01004,2020-08-10T05:04:28,    427, 0020, 19.4384,8.0971,8.0976,-0.849114,-0.902126, 19.2999,    0.136,  27.8712,  3.86095,  7.823,  4.4,19.6
SSPHOX01004,2020-08-10T06:04:28,    428, 0020, 19.3648,8.0984,8.0999,-0.849115,-0.902020, 19.2376,    0.134,  27.8780,  3.85570,  7.836,  4.4,19.5
SSPHOX01004,2020-08-10T07:04:28,    429, 0020, 19.2665,8.1001,8.1017,-0.849113,-0.901957, 19.1456,    0.129,  27.8836,  3.84823,  7.836,  4.4,19.4
SSPHOX01004,2020-08-10T08:04:28,    430, 0020, 19.1493,8.1032,8.1044,-0.849048,-0.901842, 19.0349,    0.129,  27.8905,  3.83938,  7.856,  4.4,19.3
SSPHOX01004,2020-08-10T09:04:28,    431, 0020, 19.0242,8.1049,8.1076,-0.849066,-0.901707, 18.9119,    0.127,  27.8964,  3.82974,  7.866,  4.3,19.2
SSPHOX01004,2020-08-10T10:04:28,    432, 0020, 18.8952,8.1061,8.1108,-0.849124,-0.901573, 18.7831,    0.124,  27.9029,  3.81985,  7.893,  4.3,19.0
SSPHOX01004,2020-08-10T11:04:28,    433, 0020, 18.7640,8.1093,8.1132,-0.849065,-0.901485, 18.6537,    0.123,  27.9094,  3.80979,  7.912,  4.3,18.9
SSPHOX01004,2020-08-10T12:04:28,    434, 0020, 18.6323,8.1112,8.1157,-0.849079,-0.901390, 18.5242,    0.122,  27.9165,  3.79977,  7.923,  4.2,18.8
SSPHOX01004,2020-08-10T13:04:28,    435, 0020, 18.5093,8.1126,8.1177,-0.849119,-0.901320, 18.3974,    0.118,  27.9222,  3.79029,  7.950,  4.2,18.7
SSPHOX01004,2020-08-10T14:04:28,    436, 0020, 18.3928,8.1139,8.1193,-0.849154,-0.901274, 18.2795,    0.116,  27.9285,  3.78144,  7.975,  4.1,18.5
SSPHOX01004,2020-08-10T15:04:28,    437, 0020, 18.3058,8.1143,8.1202,-0.849213,-0.901257, 18.1840,    0.120,  27.9336,  3.77488,  7.988,  4.1,18.5
SSPHOX01004,2020-08-10T16:04:28,    438, 0020, 18.2930,8.1148,8.1213,-0.849202,-0.901196, 18.1499,    0.121,  27.9378,  3.77433,  7.996,  4.1,18.4
SSPHOX01004,2020-08-10T17:04:28,    439, 0020, 18.3349,8.1145,8.1206,-0.849182,-0.901219, 18.1749,    0.125,  27.9430,  3.77843,  7.994,  4.1,18.4
SSPHOX01004,2020-08-10T18:04:28,    440, 0020, 18.4324,8.1131,8.1187,-0.849183,-0.901294, 18.2570,    0.129,  27.9475,  3.78704,  7.981,  4.1,18.5
SSPHOX01004,2020-08-10T19:04:28,    441, 0020, 18.5828,8.1110,8.1155,-0.849168,-0.901419, 18.3913,    0.134,  27.9525,  3.80008,  7.971,  4.2,18.6
SSPHOX01004,2020-08-10T20:04:28,    442, 0020, 18.7721,8.1084,8.1130,-0.849150,-0.901488, 18.5692,    0.136,  27.9571,  3.81633,  7.934,  4.3,18.8
SSPHOX01004,2020-08-10T21:04:28,    443, 0020, 18.9926,8.1042,8.1073,-0.849191,-0.901734, 18.7794,    0.134,  27.9591,  3.83487,  7.889,  4.3,19.0
SSPHOX01004,2020-08-10T22:04:28,    444, 0020, 19.0945,8.1025,8.1049,-0.849202,-0.901836, 18.9004,    0.129,  27.9672,  3.84432,  7.865,  4.4,19.2
SSPHOX01004,2020-08-10T23:04:28,    445, 0020, 19.2092,8.1011,8.1021,-0.849187,-0.901955, 19.0332,    0.128,  27.9733,  3.85461,  7.849,  4.4,19.3
SSPHOX01004,2020-08-11T00:04:28,    446, 0020, 19.3301,8.0989,8.0995,-0.849205,-0.902057, 19.1426,    0.132,  27.9790,  3.86537,  7.833,  4.4,19.4
SSPHOX01004,2020-08-11T01:04:28,    447, 0020, 19.4606,8.0971,8.0971,-0.849194,-0.902145, 19.2754,    0.131,  27.9839,  3.87685,  7.821,  4.5,19.6
SSPHOX01004,2020-08-11T02:04:28,    448, 0020, 19.5330,8.0979,8.0978,-0.849089,-0.902080, 19.3615,    0.125,  27.9881,  3.88341,  7.796,  4.5,19.6
SSPHOX01004,2020-08-11T03:04:28,    449, 0020, 19.5449,8.0974,8.0972,-0.849108,-0.902106, 19.3914,    0.129,  27.9934,  3.88506,  7.796,  4.5,19.6
SSPHOX01004,2020-08-11T04:04:28,    450, 0020, 19.5037,8.0989,8.0985,-0.849066,-0.902052, 19.3654,    0.132,  27.9995,  3.88239,  7.799,  4.5,19.6
SSPHOX01004,2020-08-11T05:04:28,    451, 0020, 19.4349,8.1000,8.1004,-0.849071,-0.901964, 19.3042,    0.131,  28.0052,  3.87736,  7.811,  4.5,19.6
SSPHOX01004,2020-08-11T06:04:28,    452, 0020, 19.3463,8.1015,8.1016,-0.849068,-0.901927, 19.2213,    0.131,  28.0111,  3.87071,  7.823,  4.5,19.5
SSPHOX01004,2020-08-11T07:04:28,    453, 0020, 19.2410,8.1027,8.1042,-0.849101,-0.901818, 19.1217,    0.129,  28.0179,  3.86279,  7.833,  4.4,19.4
SSPHOX01004,2020-08-11T08:04:28,    454, 0020, 19.1378,8.1045,8.1070,-0.849098,-0.901696, 19.0174,    0.131,  28.0232,  3.85485,  7.854,  4.4,19.3
SSPHOX01004,2020-08-11T09:04:28,    455, 0020, 19.0418,8.1072,8.1093,-0.849033,-0.901603, 18.9200,    0.127,  28.0287,  3.84755,  7.861,  4.4,19.2
SSPHOX01004,2020-08-11T10:04:28,    456, 0020, 18.9485,8.1089,8.1115,-0.849029,-0.901507, 18.8262,    0.123,  28.0346,  3.84052,  7.877,  4.3,19.1
SSPHOX01004,2020-08-11T11:04:28,    457, 0020, 18.8611,8.1102,8.1134,-0.849038,-0.901431, 18.7383,    0.123,  28.0406,  3.83398,  7.891,  4.3,19.0
SSPHOX01004,2020-08-11T12:04:28,    458, 0020, 18.7696,8.1118,8.1153,-0.849032,-0.901358, 18.6490,    0.123,  28.0469,  3.82715,  7.903,  4.3,18.9
SSPHOX01004,2020-08-11T13:04:28,    459, 0020, 18.6839,8.1129,8.1170,-0.849055,-0.901291, 18.5602,    0.121,  28.0506,  3.82048,  7.919,  4.3,18.8
SSPHOX01004,2020-08-11T14:04:28,    460, 0020, 18.5952,8.1141,8.1180,-0.849071,-0.901267, 18.4725,    0.119,  28.0563,  3.81381,  7.937,  4.2,18.7
SSPHOX01004,2020-08-11T15:04:28,    461, 0020, 18.5309,8.1153,8.1186,-0.849066,-0.901258, 18.4011,    0.120,  28.0617,  3.80914,  7.944,  4.2,18.7
SSPHOX01004,2020-08-11T16:04:28,    462, 0020, 18.5014,8.1149,8.1191,-0.849117,-0.901245, 18.3635,    0.129,  28.0673,  3.80737,  7.956,  4.2,18.6
SSPHOX01004,2020-08-11T17:04:28,    463, 0020, 18.4975,8.1148,8.1195,-0.849136,-0.901219, 18.3524,    0.131,  28.0723,  3.80766,  7.968,  4.2,18.6
SSPHOX01004,2020-08-11T18:04:28,    464, 0020, 18.5195,8.1146,8.1186,-0.849126,-0.901263, 18.3661,    0.134,  28.0768,  3.81003,  7.964,  4.2,18.7
SSPHOX01004,2020-08-11T19:04:28,    465, 0020, 18.5713,8.1134,8.1177,-0.849152,-0.901296, 18.4083,    0.137,  28.0801,  3.81474,  7.957,  4.2,18.7
SSPHOX01004,2020-08-11T20:04:28,    466, 0020, 18.6494,8.1133,8.1170,-0.849093,-0.901307, 18.4799,    0.139,  28.0851,  3.82185,  7.954,  4.3,18.7
SSPHOX01004,2020-08-11T21:04:28,    467, 0020, 18.7507,8.1114,8.1149,-0.849115,-0.901389, 18.5724,    0.141,  28.0897,  3.83084,  7.929,  4.3,18.8
SSPHOX01004,2020-08-11T22:04:28,    468, 0020, 18.9026,8.1082,8.1116,-0.849164,-0.901522, 18.7115,    0.136,  28.0944,  3.84406,  7.907,  4.3,19.0
SSPHOX01004,2020-08-11T23:04:28,    469, 0020, 19.0805,8.1066,8.1091,-0.849094,-0.901598, 18.8791,    0.132,  28.0970,  3.85921,  7.881,  4.4,19.1
SSPHOX01004,2020-08-12T00:04:28,    470, 0020, 19.2558,8.1038,8.1042,-0.849100,-0.901813, 19.0564,    0.134,  28.1023,  3.87450,  7.854,  4.4,19.3
SSPHOX01004,2020-08-12T01:04:28,    471, 0020, 19.3927,8.1022,8.1014,-0.849070,-0.901924, 19.2039,    0.136,  28.1058,  3.88636,  7.823,  4.5,19.5
SSPHOX01004,2020-08-12T02:04:28,    472, 0020, 19.4760,8.1007,8.0994,-0.849087,-0.902010, 19.3017,    0.135,  28.1101,  3.89387,  7.810,  4.5,19.6
SSPHOX01004,2020-08-12T03:04:28,    473, 0020, 19.4991,8.0998,8.0986,-0.849119,-0.902044, 19.3418,    0.135,  28.1156,  3.89648,  7.798,  4.6,19.6
SSPHOX01004,2020-08-12T04:04:28,    474, 0020, 19.4698,8.1016,8.1006,-0.849049,-0.901940, 19.3289,    0.135,  28.1229,  3.89495,  7.802,  4.6,19.6
SSPHOX01004,2020-08-12T05:04:28,    475, 0020, 19.4175,8.1024,8.1005,-0.849054,-0.901969, 19.2832,    0.135,  28.1279,  3.89118,  7.810,  4.5,19.6
SSPHOX01004,2020-08-12T06:04:28,    476, 0020, 19.3445,8.1049,8.1040,-0.848981,-0.901789, 19.2146,    0.137,  28.1343,  3.88587,  7.823,  4.5,19.5
SSPHOX01004,2020-08-12T07:04:28,    477, 0020, 19.2690,8.1062,8.1054,-0.848984,-0.901738, 19.1410,    0.135,  28.1409,  3.88038,  7.832,  4.5,19.4
SSPHOX01004,2020-08-12T08:04:28,    478, 0020, 19.1932,8.1073,8.1071,-0.848993,-0.901667, 19.0655,    0.135,  28.1475,  3.87487,  7.842,  4.5,19.3
SSPHOX01004,2020-08-12T09:04:28,    479, 0020, 19.1035,8.1088,8.1091,-0.848994,-0.901589, 18.9797,    0.132,  28.1536,  3.86813,  7.857,  4.4,19.3
SSPHOX01004,2020-08-12T10:04:28,    480, 0020, 19.0132,8.1104,8.1111,-0.848994,-0.901508, 18.8889,    0.130,  28.1600,  3.86138,  7.863,  4.4,19.2
SSPHOX01004,2020-08-12T11:04:28,    481, 0020, 18.9274,8.1118,8.1135,-0.848995,-0.901403, 18.8028,    0.128,  28.1667,  3.85503,  7.878,  4.4,19.0
SSPHOX01004,2020-08-12T12:04:28,    482, 0020, 18.8439,8.1128,8.1146,-0.849017,-0.901372, 18.7189,    0.128,  28.1729,  3.84882,  7.898,  4.4,19.0
SSPHOX01004,2020-08-12T13:04:28,    483, 0020, 18.7600,8.1139,8.1167,-0.849040,-0.901281, 18.6346,    0.126,  28.1796,  3.84264,  7.897,  4.3,18.9
SSPHOX01004,2020-08-12T14:04:28,    484, 0020, 18.6790,8.1154,8.1184,-0.849030,-0.901217, 18.5529,    0.123,  28.1859,  3.83665,  7.913,  4.3,18.8
SSPHOX01004,2020-08-12T15:04:28,    485, 0020, 18.6129,8.1156,8.1181,-0.849085,-0.901255, 18.4818,    0.122,  28.1918,  3.83186,  7.927,  4.3,18.7
SSPHOX01004,2020-08-12T16:04:28,    486, 0020, 18.5658,8.1163,8.1195,-0.849094,-0.901195, 18.4296,    0.126,  28.1982,  3.82872,  7.937,  4.3,18.7
SSPHOX01004,2020-08-12T17:04:28,    487, 0020, 18.5545,8.1161,8.1191,-0.849122,-0.901220, 18.4093,    0.128,  28.2043,  3.82852,  7.947,  4.3,18.7
SSPHOX01004,2020-08-12T18:04:28,    488, 0020, 18.5909,8.1160,8.1190,-0.849099,-0.901212, 18.4317,    0.130,  28.2086,  3.83208,  7.948,  4.3,18.7
SSPHOX01004,2020-08-12T19:04:28,    489, 0020, 18.6836,8.1136,8.1168,-0.849156,-0.901306, 18.5078,    0.133,  28.2131,  3.84037,  7.931,  4.3,18.7
SSPHOX01004,2020-08-12T20:04:28,    490, 0020, 18.8278,8.1121,8.1140,-0.849114,-0.901410, 18.6363,    0.138,  28.2177,  3.85298,  7.915,  4.3,18.9
SSPHOX01004,2020-08-12T21:04:28,    491, 0020, 19.0241,8.1090,8.1110,-0.849118,-0.901510, 18.8175,    0.135,  28.2218,  3.86991,  7.884,  4.4,19.1
SSPHOX01004,2020-08-12T22:04:28,    492, 0020, 19.1476,8.1068,8.1069,-0.849138,-0.901696, 18.9710,    0.131,  28.2276,  3.88097,  7.850,  4.5,19.3
SSPHOX01004,2020-08-12T23:04:28,    493, 0020, 19.3054,8.1045,8.1038,-0.849125,-0.901819, 19.1113,    0.131,  28.2309,  3.89460,  7.822,  4.5,19.3
SSPHOX01004,2020-08-13T00:04:28,    494, 0020, 19.4044,8.1021,8.1007,-0.849177,-0.901959, 19.2211,    0.130,  28.2333,  3.90320,  7.795,  4.6,19.5
SSPHOX01004,2020-08-13T01:04:28,    495, 0020, 19.5115,8.1009,8.0987,-0.849153,-0.902032, 19.3254,    0.125,  28.2362,  3.91256,  7.782,  4.6,19.6
SSPHOX01004,2020-08-13T02:04:28,    496, 0020, 19.6373,8.0999,8.0973,-0.849099,-0.902067, 19.4567,    0.121,  28.2387,  3.92344,  7.768,  4.7,19.7
SSPHOX01004,2020-08-13T03:04:28,    497, 0020, 19.7118,8.0989,8.0959,-0.849091,-0.902122, 19.5375,    0.124,  28.2428,  3.93022,  7.753,  4.7,19.8
SSPHOX01004,2020-08-13T04:04:28,    498, 0020, 19.7924,8.0978,8.0944,-0.849083,-0.902177, 19.6195,    0.128,  28.2453,  3.93731,  7.749,  4.7,19.9
SSPHOX01004,2020-08-13T05:04:28,    499, 0020, 19.8293,8.0978,8.0946,-0.849047,-0.902148, 19.6673,    0.133,  28.2485,  3.94081,  7.742,  4.7,19.9
SSPHOX01004,2020-08-13T06:04:28,    500, 0020, 19.8260,8.0982,8.0945,-0.849035,-0.902160, 19.6757,    0.132,  28.2528,  3.94107,  7.739,  4.7,19.9
SSPHOX01004,2020-08-13T07:04:28,    501, 0020, 19.7874,8.0995,8.0961,-0.848998,-0.902078, 19.6483,    0.133,  28.2568,  3.93833,  7.753,  4.7,19.9
SSPHOX01004,2020-08-13T08:04:28,    502, 0020, 19.7198,8.1002,8.0972,-0.849022,-0.902042, 19.5895,    0.131,  28.2611,  3.93318,  7.756,  4.7,19.9
SSPHOX01004,2020-08-13T09:04:28,    503, 0020, 19.6305,8.1028,8.1000,-0.848958,-0.901914, 19.5072,    0.127,  28.2656,  3.92623,  7.770,  4.7,19.8
SSPHOX01004,2020-08-13T10:04:28,    504, 0020, 19.5233,8.1046,8.1023,-0.848952,-0.901821, 19.4045,    0.123,  28.2696,  3.91771,  7.778,  4.6,19.6
SSPHOX01004,2020-08-13T11:04:28,    505, 0020, 19.4008,8.1062,8.1049,-0.848977,-0.901716, 19.2867,    0.121,  28.2744,  3.90801,  7.790,  4.6,19.6
SSPHOX01004,2020-08-13T12:04:28,    506, 0020, 19.2740,8.1077,8.1073,-0.849011,-0.901628, 19.1616,    0.120,  28.2786,  3.89789,  7.809,  4.5,19.4
SSPHOX01004,2020-08-13T13:04:28,    507, 0020, 19.1478,8.1103,8.1100,-0.848983,-0.901518, 19.0361,    0.122,  28.2832,  3.88786,  7.827,  4.5,19.3
SSPHOX01004,2020-08-13T14:04:28,    508, 0020, 19.0278,8.1129,8.1134,-0.848947,-0.901371, 18.9146,    0.125,  28.2873,  3.87829,  7.845,  4.5,19.1
SSPHOX01004,2020-08-13T15:04:28,    509, 0020, 18.9366,8.1138,8.1146,-0.848982,-0.901333, 18.8149,    0.123,  28.2912,  3.87112,  7.863,  4.4,19.1
SSPHOX01004,2020-08-13T16:04:28,    510, 0020, 18.8982,8.1133,8.1145,-0.849045,-0.901355, 18.7613,    0.121,  28.2945,  3.86831,  7.872,  4.4,19.0
SSPHOX01004,2020-08-13T17:04:28,    511, 0020, 18.9126,8.1132,8.1142,-0.849043,-0.901364, 18.7603,    0.122,  28.2979,  3.86994,  7.876,  4.4,19.0
SSPHOX01004,2020-08-13T18:04:28,    512, 0020, 18.9862,8.1119,8.1129,-0.849050,-0.901413, 18.8161,    0.126,  28.3004,  3.87643,  7.873,  4.4,19.1
SSPHOX01004,2020-08-13T19:04:28,    513, 0020, 19.1154,8.1093,8.1097,-0.849089,-0.901550, 18.9283,    0.132,  28.3029,  3.88757,  7.859,  4.5,19.2
SSPHOX01004,2020-08-13T20:04:28,    514, 0020, 19.2918,8.1068,8.1071,-0.849074,-0.901632, 19.0887,    0.134,  28.3051,  3.90266,  7.837,  4.6,19.3
SSPHOX01004,2020-08-13T21:04:28,    515, 0020, 19.3793,8.1052,8.1045,-0.849087,-0.901751, 19.2032,    0.129,  28.3099,  3.91061,  7.812,  4.6,19.5
SSPHOX01004,2020-08-13T22:04:28,    516, 0020, 19.4831,8.1038,8.1019,-0.849075,-0.901856, 19.3020,    0.129,  28.3121,  3.91963,  7.785,  4.6,19.6
SSPHOX01004,2020-08-13T23:04:28,    517, 0020, 19.5940,8.1014,8.0986,-0.849116,-0.902005, 19.4127,    0.129,  28.3166,  3.92952,  7.773,  4.7,19.7
SSPHOX01004,2020-08-14T00:04:28,    518, 0020, 19.6948,8.1004,8.0972,-0.849084,-0.902050, 19.5150,    0.132,  28.3197,  3.93840,  7.762,  4.7,19.8
SSPHOX01004,2020-08-14T01:04:28,    519, 0020, 19.7678,8.1002,8.0958,-0.849034,-0.902107, 19.5956,    0.133,  28.3237,  3.94507,  7.752,  4.7,19.9
SSPHOX01004,2020-08-14T02:04:28,    520, 0020, 19.8281,8.0984,8.0945,-0.849088,-0.902156, 19.6606,    0.132,  28.3288,  3.95079,  7.739,  4.7,19.9
SSPHOX01004,2020-08-14T03:04:28,    521, 0020, 19.8749,8.0993,8.0951,-0.848994,-0.902106, 19.7107,    0.132,  28.3327,  3.95522,  7.730,  4.7,19.9
SSPHOX01004,2020-08-14T04:04:28,    522, 0020, 19.9186,8.0990,8.0945,-0.848975,-0.902121, 19.7506,    0.134,  28.3365,  3.95939,  7.726,  4.8,20.0
SSPHOX01004,2020-08-14T05:04:28,    523, 0020, 19.9948,8.0982,8.0934,-0.848955,-0.902158, 19.8287,    0.137,  28.3406,  3.96635,  7.723,  4.8,20.1
SSPHOX01004,2020-08-14T06:04:28,    524, 0020, 20.0353,8.0975,8.0925,-0.848965,-0.902194, 19.8694,    0.139,  28.3449,  3.97031,  7.718,  4.8,20.1
SSPHOX01004,2020-08-14T07:04:28,    525, 0020, 20.0984,8.0967,8.0915,-0.848955,-0.902227, 19.9296,    0.141,  28.3488,  3.97614,  7.708,  4.8,20.2
SSPHOX01004,2020-08-14T08:04:28,    526, 0020, 20.1500,8.0959,8.0905,-0.848953,-0.902263, 19.9831,    0.134,  28.3526,  3.98098,  7.698,  4.9,20.2
SSPHOX01004,2020-08-14T09:04:28,    527, 0020, 20.1953,8.0949,8.0894,-0.848973,-0.902311, 20.0304,    0.132,  28.3568,  3.98534,  7.688,  4.9,20.3
SSPHOX01004,2020-08-14T10:04:28,    528, 0020, 20.2338,8.0943,8.0888,-0.848981,-0.902333, 20.0706,    0.128,  28.3604,  3.98906,  7.678,  4.9,20.3
SSPHOX01004,2020-08-14T11:04:28,    529, 0020, 20.2735,8.0947,8.0890,-0.848923,-0.902305, 20.1100,    0.129,  28.3643,  3.99291,  7.675,  4.9,20.4
SSPHOX01004,2020-08-14T12:04:28,    530, 0020, 20.3123,8.0940,8.0882,-0.848929,-0.902337, 20.1502,    0.127,  28.3674,  3.99660,  7.673,  4.9,20.4
SSPHOX01004,2020-08-14T13:04:28,    531, 0020, 20.3415,8.0935,8.0877,-0.848936,-0.902357, 20.1821,    0.126,  28.3716,  3.99960,  7.664,  4.9,20.5
SSPHOX01004,2020-08-14T14:04:28,    532, 0020, 20.3598,8.0943,8.0883,-0.848878,-0.902315, 20.2037,    0.132,  28.3754,  4.00164,  7.661,  4.9,20.4
SSPHOX01004,2020-08-14T15:04:28,    533, 0020, 20.3722,8.0941,8.0879,-0.848878,-0.902332, 20.2174,    0.132,  28.3798,  4.00325,  7.659,  4.9,20.5
SSPHOX01004,2020-08-14T16:04:28,    534, 0020, 20.4068,8.0937,8.0878,-0.848876,-0.902326, 20.2455,    0.135,  28.3827,  4.00655,  7.662,  5.0,20.5
SSPHOX01004,2020-08-14T17:04:28,    535, 0020, 20.4751,8.0930,8.0865,-0.848853,-0.902377, 20.3044,    0.136,  28.3865,  4.01282,  7.656,  5.0,20.5
SSPHOX01004,2020-08-14T18:04:28,    536, 0020, 20.5755,8.0913,8.0844,-0.848866,-0.902457, 20.3964,    0.137,  28.3897,  4.02175,  7.640,  5.0,20.7
SSPHOX01004,2020-08-14T19:04:28,    537, 0020, 20.5830,8.0917,8.0851,-0.848837,-0.902412, 20.4205,    0.132,  28.3930,  4.02281,  7.632,  5.0,20.7
SSPHOX01004,2020-08-14T20:04:28,    538, 0020, 20.6033,8.0922,8.0850,-0.848796,-0.902414, 20.4517,    0.126,  28.3981,  4.02519,  7.618,  5.0,20.7
SSPHOX01004,2020-08-14T21:04:28,    539, 0020, 20.6355,8.0917,8.0857,-0.848796,-0.902361, 20.4740,    0.121,  28.4017,  4.02838,  7.614,  5.1,20.8
SSPHOX01004,2020-08-14T22:04:28,    540, 0020, 20.6741,8.0915,8.0852,-0.848773,-0.902372, 20.5099,    0.113,  28.4066,  4.03229,  7.600,  5.1,20.8
SSPHOX01004,2020-08-14T23:04:28,    541, 0020, 20.7463,8.0910,8.0847,-0.848740,-0.902378, 20.5747,    0.105,  28.4122,  4.03914,  7.587,  5.1,20.8
SSPHOX01004,2020-08-15T00:04:28,    542, 0020, 20.8315,8.0904,8.0840,-0.848699,-0.902382, 20.6540,    0.101,  28.4148,  4.04673,  7.581,  5.1,20.9
SSPHOX01004,2020-08-15T01:04:28,    543, 0020, 20.8821,8.0905,8.0835,-0.848653,-0.902392, 20.7165,    0.093,  28.4178,  4.05142,  7.561,  5.1,21.0
SSPHOX01004,2020-08-15T02:04:28,    544, 0020, 20.9022,8.0897,8.0831,-0.848680,-0.902407, 20.7426,    0.090,  28.4215,  4.05360,  7.554,  5.2,21.0
SSPHOX01004,2020-08-15T03:04:28,    545, 0020, 20.9672,8.0890,8.0828,-0.848666,-0.902403, 20.7989,    0.093,  28.4245,  4.05952,  7.538,  5.2,21.1
SSPHOX01004,2020-08-15T04:04:28,    546, 0020, 21.0361,8.0885,8.0814,-0.848633,-0.902454, 20.8651,    0.098,  28.4266,  4.06567,  7.534,  5.2,21.1
SSPHOX01004,2020-08-15T05:04:28,    547, 0020, 21.0900,8.0864,8.0795,-0.848706,-0.902549, 20.9221,    0.102,  28.4290,  4.07057,  7.535,  5.2,21.2
SSPHOX01004,2020-08-15T06:04:28,    548, 0020, 21.1279,8.0861,8.0793,-0.848696,-0.902547, 20.9658,    0.103,  28.4326,  4.07427,  7.531,  5.2,21.2
SSPHOX01004,2020-08-15T07:04:28,    549, 0020, 21.1392,8.0858,8.0789,-0.848706,-0.902563, 20.9832,    0.105,  28.4358,  4.07564,  7.521,  5.2,21.2
SSPHOX01004,2020-08-15T08:04:28,    550, 0020, 21.1285,8.0863,8.0794,-0.848686,-0.902541, 20.9806,    0.105,  28.4399,  4.07525,  7.519,  5.2,21.3
SSPHOX01004,2020-08-15T09:04:28,    551, 0020, 21.0909,8.0877,8.0809,-0.848642,-0.902464, 20.9535,    0.104,  28.4443,  4.07262,  7.523,  5.2,21.2
SSPHOX01004,2020-08-15T10:04:28,    552, 0020, 21.0952,8.0877,8.0818,-0.848646,-0.902410, 20.9427,    0.105,  28.4488,  4.07356,  7.535,  5.2,21.2
SSPHOX01004,2020-08-15T11:04:28,    553, 0020, 21.1268,8.0885,8.0819,-0.848572,-0.902393, 20.9675,    0.105,  28.4530,  4.07680,  7.534,  5.2,21.2
SSPHOX01004,2020-08-15T12:04:28,    554, 0020, 21.1500,8.0895,8.0824,-0.848496,-0.902356, 20.9923,    0.107,  28.4566,  4.07924,  7.528,  5.2,21.2
SSPHOX01004,2020-08-15T13:04:28,    555, 0020, 21.1590,8.0893,8.0822,-0.848505,-0.902362, 21.0039,    0.112,  28.4606,  4.08053,  7.529,  5.2,21.2
SSPHOX01004,2020-08-15T14:04:28,    556, 0020, 21.1542,8.0901,8.0833,-0.848466,-0.902298, 21.0037,    0.118,  28.4643,  4.08059,  7.534,  5.3,21.3
SSPHOX01004,2020-08-15T15:04:28,    557, 0020, 21.1494,8.0910,8.0844,-0.848421,-0.902237, 20.9979,    0.121,  28.4696,  4.08088,  7.548,  5.3,21.3
SSPHOX01004,2020-08-15T16:04:28,    558, 0020, 21.1756,8.0914,8.0842,-0.848374,-0.902239, 21.0146,    0.122,  28.4737,  4.08363,  7.540,  5.3,21.3
SSPHOX01004,2020-08-15T17:04:28,    559, 0020, 21.1857,8.0928,8.0855,-0.848291,-0.902163, 21.0384,    0.123,  28.4782,  4.08507,  7.538,  5.3,21.3
SSPHOX01004,2020-08-15T18:04:28,    560, 0020, 21.1405,8.0933,8.0860,-0.848307,-0.902150, 20.9995,    0.124,  28.4828,  4.08181,  7.542,  5.3,21.3
SSPHOX01004,2020-08-15T19:04:28,    561, 0020, 21.1353,8.0944,8.0874,-0.848248,-0.902067, 20.9867,    0.122,  28.4877,  4.08199,  7.536,  5.3,21.2
SSPHOX01004,2020-08-15T20:04:28,    562, 0020, 21.1489,8.0950,8.0885,-0.848208,-0.902000, 20.9929,    0.120,  28.4925,  4.08377,  7.536,  5.3,21.2
SSPHOX01004,2020-08-15T21:04:28,    563, 0020, 21.2031,8.0949,8.0884,-0.848167,-0.901982, 21.0332,    0.116,  28.4957,  4.08881,  7.533,  5.3,21.3
SSPHOX01004,2020-08-15T22:04:28,    564, 0020, 21.2788,8.0942,8.0872,-0.848139,-0.902027, 21.1035,    0.112,  28.4996,  4.09580,  7.514,  5.3,21.4
SSPHOX01004,2020-08-15T23:04:28,    565, 0020, 21.3482,8.0940,8.0865,-0.848086,-0.902041, 21.1746,    0.104,  28.5021,  4.10206,  7.498,  5.3,21.4
SSPHOX01004,2020-08-16T00:04:28,    566, 0020, 21.4019,8.0937,8.0856,-0.848062,-0.902071, 21.2339,    0.098,  28.5053,  4.10707,  7.494,  5.3,21.5
SSPHOX01004,2020-08-16T01:04:28,    567, 0020, 21.4265,8.0943,8.0865,-0.848003,-0.902012, 21.2684,    0.097,  28.5090,  4.10966,  7.483,  5.4,21.5
SSPHOX01004,2020-08-16T02:04:28,    568, 0020, 21.4627,8.0944,8.0870,-0.847969,-0.901966, 21.2966,    0.098,  28.5114,  4.11308,  7.480,  5.4,21.6
SSPHOX01004,2020-08-16T03:04:28,    569, 0020, 21.5279,8.0933,8.0858,-0.847975,-0.902010, 21.3571,    0.102,  28.5141,  4.11901,  7.469,  5.4,21.6
SSPHOX01004,2020-08-16T04:04:28,    570, 0020, 21.5800,8.0932,8.0855,-0.847932,-0.902010, 21.4117,    0.105,  28.5172,  4.12388,  7.468,  5.4,21.7
SSPHOX01004,2020-08-16T05:04:28,    571, 0020, 21.6077,8.0937,8.0859,-0.847881,-0.901977, 21.4475,    0.110,  28.5197,  4.12658,  7.465,  5.4,21.7
SSPHOX01004,2020-08-16T06:04:28,    572, 0020, 21.6048,8.0939,8.0860,-0.847876,-0.901971, 21.4554,    0.108,  28.5234,  4.12682,  7.463,  5.4,21.7
SSPHOX01004,2020-08-16T07:04:28,    573, 0020, 21.5681,8.0941,8.0872,-0.847900,-0.901918, 21.4283,    0.105,  28.5283,  4.12430,  7.456,  5.4,21.7
SSPHOX01004,2020-08-16T08:04:28,    574, 0020, 21.5280,8.0949,8.0879,-0.847898,-0.901890, 21.3907,    0.103,  28.5324,  4.12140,  7.462,  5.4,21.6
SSPHOX01004,2020-08-16T09:04:28,    575, 0020, 21.4704,8.0952,8.0900,-0.847933,-0.901791, 21.3393,    0.097,  28.5362,  4.11695,  7.476,  5.4,21.6
SSPHOX01004,2020-08-16T10:04:28,    576, 0020, 21.4966,8.0954,8.0895,-0.847901,-0.901809, 21.3383,    0.100,  28.5400,  4.11968,  7.470,  5.4,21.6
SSPHOX01004,2020-08-16T11:04:28,    577, 0020, 21.4555,8.0964,8.0903,-0.847883,-0.901779, 21.3166,    0.134,  28.5442,  4.11670,  7.480,  5.4,21.6
SSPHOX01004,2020-08-16T12:04:28,    578, 0020, 21.4655,8.0973,8.0913,-0.847828,-0.901715, 21.3108,    0.105,  28.5477,  4.11801,  7.493,  5.4,21.6
SSPHOX01004,2020-08-16T13:04:28,    579, 0020, 21.4998,8.0974,8.0915,-0.847793,-0.901687, 21.3372,    0.106,  28.5511,  4.12140,  7.471,  5.4,21.6
SSPHOX01004,2020-08-16T14:04:28,    580, 0020, 21.5470,8.0977,8.0910,-0.847734,-0.901698, 21.3813,    0.118,  28.5549,  4.12594,  7.477,  5.4,21.7
SSPHOX01004,2020-08-16T15:04:28,    581, 0020, 21.5992,8.0966,8.0902,-0.847753,-0.901726, 21.4314,    0.115,  28.5572,  4.13073,  7.465,  5.5,21.7
SSPHOX01004,2020-08-16T16:04:28,    582, 0020, 21.6552,8.0963,8.0891,-0.847719,-0.901770, 21.4847,    0.119,  28.5606,  4.13597,  7.462,  5.5,21.7
SSPHOX01004,2020-08-16T17:04:28,    583, 0020, 21.6279,8.0965,8.0890,-0.847736,-0.901787, 21.4824,    0.129,  28.5643,  4.13411,  7.468,  5.5,21.7
SSPHOX01004,2020-08-16T18:04:28,    584, 0020, 21.6548,8.0976,8.0901,-0.847653,-0.901711, 21.4945,    0.129,  28.5676,  4.13686,  7.468,  5.5,21.7
SSPHOX01004,2020-08-16T19:04:28,    585, 0020, 21.6986,8.0962,8.0882,-0.847695,-0.901804, 21.5355,    0.131,  28.5714,  4.14111,  7.462,  5.5,21.8
SSPHOX01004,2020-08-16T20:04:28,    586, 0020, 21.6839,8.0968,8.0889,-0.847676,-0.901774, 21.5327,    0.130,  28.5752,  4.14035,  7.464,  5.5,21.8
SSPHOX01004,2020-08-16T21:04:28,    587, 0020, 21.7097,8.0971,8.0897,-0.847638,-0.901714, 21.5519,    0.130,  28.5781,  4.14294,  7.463,  5.5,21.8
SSPHOX01004,2020-08-16T22:04:28,    588, 0020, 21.7387,8.0966,8.0889,-0.847640,-0.901751, 21.5788,    0.129,  28.5811,  4.14583,  7.454,  5.5,21.8
SSPHOX01004,2020-08-16T23:04:28,    589, 0020, 21.7771,8.0970,8.0892,-0.847585,-0.901715, 21.6118,    0.121,  28.5838,  4.14947,  7.446,  5.5,21.9
SSPHOX01004,2020-08-17T00:04:28,    590, 0020, 21.8357,8.0969,8.0886,-0.847542,-0.901729, 21.6657,    0.118,  28.5875,  4.15501,  7.444,  5.5,21.9
SSPHOX01004,2020-08-17T01:04:28,    591, 0020, 21.8930,8.0968,8.0887,-0.847493,-0.901705, 21.7232,    0.116,  28.5898,  4.16023,  7.433,  5.6,22.0
SSPHOX01004,2020-08-17T02:04:28,    592, 0020, 21.9366,8.0965,8.0884,-0.847473,-0.901701, 21.7712,    0.117,  28.5927,  4.16437,  7.418,  5.6,22.0
SSPHOX01004,2020-08-17T03:04:28,    593, 0020, 21.9585,8.0964,8.0884,-0.847463,-0.901693, 21.7993,    0.122,  28.5952,  4.16659,  7.424,  5.6,22.0
SSPHOX01004,2020-08-17T04:04:28,    594, 0020, 21.9500,8.0970,8.0890,-0.847439,-0.901660, 21.8010,    0.129,  28.5992,  4.16638,  7.418,  5.6,22.1
SSPHOX01004,2020-08-17T05:04:28,    595, 0020, 21.9184,8.0980,8.0899,-0.847411,-0.901624, 21.7778,    0.133,  28.6026,  4.16410,  7.431,  5.6,22.0
SSPHOX01004,2020-08-17T06:04:28,    596, 0020, 21.8569,8.0989,8.0916,-0.847418,-0.901545, 21.7255,    0.133,  28.6063,  4.15928,  7.435,  5.6,22.0
SSPHOX01004,2020-08-17T07:04:28,    597, 0020, 21.7873,8.1009,8.0936,-0.847372,-0.901454, 21.6545,    0.132,  28.6104,  4.15383,  7.445,  5.6,21.9
SSPHOX01004,2020-08-17T08:04:28,    598, 0020, 21.7852,8.1006,8.0945,-0.847392,-0.901404, 21.6360,    0.131,  28.6151,  4.15426,  7.454,  5.5,21.9
SSPHOX01004,2020-08-17T09:04:28,    599, 0020, 21.7887,8.1020,8.0958,-0.847316,-0.901330, 21.6374,    0.130,  28.6194,  4.15512,  7.449,  5.6,21.9
SSPHOX01004,2020-08-17T10:04:28,    600, 0020, 21.7812,8.1019,8.0960,-0.847327,-0.901318, 21.6320,    0.129,  28.6231,  4.15495,  7.452,  5.6,21.9
SSPHOX01004,2020-08-17T11:04:28,    601, 0020, 21.7586,8.1030,8.0973,-0.847288,-0.901251, 21.6142,    0.127,  28.6276,  4.15360,  7.457,  5.5,21.8
SSPHOX01004,2020-08-17T12:04:28,    602, 0020, 21.7350,8.1031,8.0976,-0.847309,-0.901241, 21.5909,    0.125,  28.6315,  4.15208,  7.449,  5.5,21.8
SSPHOX01004,2020-08-17T13:04:28,    603, 0020, 21.7076,8.1031,8.0978,-0.847341,-0.901243, 21.5642,    0.125,  28.6362,  4.15032,  7.453,  5.5,21.8
SSPHOX01004,2020-08-17T14:04:28,    604, 0020, 21.6830,8.1046,8.0998,-0.847279,-0.901136, 21.5391,    0.124,  28.6404,  4.14876,  7.458,  5.5,21.8
SSPHOX01004,2020-08-17T15:04:28,    605, 0020, 21.6737,8.1042,8.0998,-0.847311,-0.901139, 21.5258,    0.128,  28.6446,  4.14849,  7.467,  5.5,21.7
SSPHOX01004,2020-08-17T16:04:28,    606, 0020, 21.6856,8.1054,8.1001,-0.847233,-0.901115, 21.5302,    0.132,  28.6476,  4.14991,  7.459,  5.5,21.8
SSPHOX01004,2020-08-17T17:04:28,    607, 0020, 21.7237,8.1050,8.0999,-0.847223,-0.901113, 21.5590,    0.140,  28.6521,  4.15378,  7.466,  5.5,21.8
SSPHOX01004,2020-08-17T18:04:28,    608, 0020, 21.6712,8.1067,8.1008,-0.847182,-0.901080, 21.5346,    0.143,  28.6565,  4.14982,  7.467,  5.5,21.8
SSPHOX01004,2020-08-17T19:04:28,    609, 0020, 21.6637,8.1064,8.1015,-0.847210,-0.901040, 21.5108,    0.138,  28.6604,  4.14969,  7.474,  5.5,21.7
SSPHOX01004,2020-08-17T20:04:28,    610, 0020, 21.6557,8.1077,8.1025,-0.847141,-0.900988, 21.5133,    0.136,  28.6650,  4.14960,  7.475,  5.5,21.8
SSPHOX01004,2020-08-17T21:04:28,    611, 0020, 21.6530,8.1074,8.1030,-0.847166,-0.900957, 21.5008,    0.136,  28.6692,  4.14991,  7.465,  5.5,21.7
SSPHOX01004,2020-08-17T22:04:28,    612, 0020, 21.6859,8.1068,8.1018,-0.847174,-0.901013, 21.5246,    0.134,  28.6728,  4.15322,  7.465,  5.5,21.8
SSPHOX01004,2020-08-17T23:04:28,    613, 0020, 21.7343,8.1062,8.1015,-0.847167,-0.901014, 21.5670,    0.132,  28.6759,  4.15779,  7.457,  5.5,21.8
SSPHOX01004,2020-08-18T00:04:28,    614, 0020, 21.7849,8.1053,8.1002,-0.847174,-0.901069, 21.6161,    0.132,  28.6791,  4.16258,  7.451,  5.6,21.9
SSPHOX01004,2020-08-18T01:04:28,    615, 0020, 21.8184,8.1053,8.0997,-0.847147,-0.901089, 21.6550,    0.133,  28.6834,  4.16603,  7.443,  5.6,21.9
SSPHOX01004,2020-08-18T02:04:28,    616, 0020, 21.8502,8.1053,8.0990,-0.847122,-0.901113, 21.6881,    0.136,  28.6867,  4.16920,  7.435,  5.6,22.0
SSPHOX01004,2020-08-18T03:04:28,    617, 0020, 21.8636,8.1057,8.0993,-0.847086,-0.901094, 21.7075,    0.136,  28.6902,  4.17082,  7.439,  5.6,22.0
SSPHOX01004,2020-08-18T04:04:28,    618, 0020, 21.8471,8.1053,8.0984,-0.847131,-0.901153, 21.7015,    0.138,  28.6950,  4.17002,  7.435,  5.6,22.0
SSPHOX01004,2020-08-18T05:04:28,    619, 0020, 21.8088,8.1060,8.0988,-0.847128,-0.901141, 21.6711,    0.138,  28.6982,  4.16712,  7.443,  5.6,21.9
SSPHOX01004,2020-08-18T06:04:28,    620, 0020, 21.7484,8.1070,8.1000,-0.847131,-0.901097, 21.6164,    0.135,  28.7024,  4.16245,  7.447,  5.6,21.8
SSPHOX01004,2020-08-18T07:04:28,    621, 0020, 21.7214,8.1071,8.1010,-0.847150,-0.901046, 21.5763,    0.136,  28.7068,  4.16071,  7.462,  5.6,21.8
SSPHOX01004,2020-08-18T08:04:28,    622, 0020, 21.7382,8.1065,8.1010,-0.847174,-0.901041, 21.5817,    0.136,  28.7098,  4.16254,  7.458,  5.6,21.8
SSPHOX01004,2020-08-18T09:04:28,    623, 0020, 21.7435,8.1069,8.1007,-0.847154,-0.901056, 21.5896,    0.136,  28.7143,  4.16358,  7.458,  5.6,21.8
SSPHOX01004,2020-08-18T10:04:28,    624, 0020, 21.7403,8.1070,8.1009,-0.847153,-0.901049, 21.5896,    0.135,  28.7186,  4.16387,  7.454,  5.6,21.9
SSPHOX01004,2020-08-18T11:04:28,    625, 0020, 21.7201,8.1067,8.1004,-0.847190,-0.901083, 21.5766,    0.135,  28.7232,  4.16272,  7.460,  5.6,21.8
SSPHOX01004,2020-08-18T12:04:28,    626, 0020, 21.6858,8.1069,8.1008,-0.847219,-0.901073, 21.5447,    0.134,  28.7272,  4.16028,  7.460,  5.6,21.8
SSPHOX01004,2020-08-18T13:04:28,    627, 0020, 21.6437,8.1068,8.1013,-0.847266,-0.901062, 21.5067,    0.136,  28.7316,  4.15722,  7.463,  5.6,21.7
SSPHOX01004,2020-08-18T14:04:28,    628, 0020, 21.5940,8.1078,8.1030,-0.847259,-0.900981, 21.4583,    0.138,  28.7357,  4.15346,  7.477,  5.6,21.7
SSPHOX01004,2020-08-18T15:04:28,    629, 0020, 21.5538,8.1090,8.1042,-0.847227,-0.900927, 21.4138,    0.137,  28.7401,  4.15056,  7.483,  5.5,21.7
SSPHOX01004,2020-08-18T16:04:28,    630, 0020, 21.5491,8.1085,8.1035,-0.847264,-0.900968, 21.3982,    0.137,  28.7440,  4.15066,  7.489,  5.5,21.6
SSPHOX01004,2020-08-18T17:04:28,    631, 0020, 21.5889,8.1080,8.1031,-0.847263,-0.900977, 21.4237,    0.138,  28.7477,  4.15457,  7.486,  5.6,21.7
SSPHOX01004,2020-08-18T18:04:28,    632, 0020, 21.6057,8.1080,8.1029,-0.847249,-0.900983, 21.4539,    0.139,  28.7512,  4.15648,  7.482,  5.6,21.7
SSPHOX01004,2020-08-18T19:04:28,    633, 0020, 21.5995,8.1077,8.1025,-0.847275,-0.901009, 21.4471,    0.138,  28.7557,  4.15653,  7.483,  5.6,21.7
SSPHOX01004,2020-08-18T20:04:28,    634, 0020, 21.6280,8.1088,8.1034,-0.847186,-0.900942, 21.4665,    0.137,  28.7592,  4.15944,  7.471,  5.6,21.7
SSPHOX01004,2020-08-18T21:04:28,    635, 0020, 21.6725,8.1072,8.1017,-0.847245,-0.901025, 21.5054,    0.137,  28.7638,  4.16389,  7.462,  5.6,21.7
SSPHOX01004,2020-08-18T22:04:28,    636, 0020, 21.7459,8.1065,8.1008,-0.847220,-0.901051, 21.5710,    0.131,  28.7666,  4.17059,  7.450,  5.6,21.8
SSPHOX01004,2020-08-18T23:04:28,    637, 0020, 21.8188,8.1056,8.0995,-0.847203,-0.901099, 21.6423,    0.128,  28.7691,  4.17723,  7.434,  5.6,21.9
SSPHOX01004,2020-08-19T00:04:28,    638, 0020, 21.8837,8.1050,8.0979,-0.847182,-0.901168, 21.7094,    0.125,  28.7720,  4.18322,  7.420,  5.7,22.0
SSPHOX01004,2020-08-19T01:04:28,    639, 0020, 21.9465,8.1046,8.0969,-0.847150,-0.901199, 21.7739,    0.124,  28.7746,  4.18901,  7.412,  5.7,22.0
SSPHOX01004,2020-08-19T02:04:28,    640, 0020, 21.9875,8.1033,8.0952,-0.847186,-0.901286, 21.8211,    0.121,  28.7772,  4.19290,  7.400,  5.7,22.1
SSPHOX01004,2020-08-19T03:04:28,    641, 0020, 21.9965,8.1034,8.0949,-0.847176,-0.901303, 21.8416,    0.122,  28.7814,  4.19423,  7.407,  5.7,22.1
SSPHOX01004,2020-08-19T04:04:28,    642, 0020, 21.9655,8.1032,8.0952,-0.847222,-0.901294, 21.8246,    0.123,  28.7861,  4.19216,  7.396,  5.7,22.1
SSPHOX01004,2020-08-19T05:04:28,    643, 0020, 21.8982,8.1035,8.0955,-0.847273,-0.901305, 21.7672,    0.125,  28.7909,  4.18695,  7.419,  5.7,22.0
SSPHOX01004,2020-08-19T06:04:28,    644, 0020, 21.8224,8.1056,8.0973,-0.847227,-0.901229, 21.6949,    0.124,  28.7965,  4.18113,  7.426,  5.7,22.0
SSPHOX01004,2020-08-19T07:04:28,    645, 0020, 21.7389,8.1063,8.0992,-0.847269,-0.901149, 21.6138,    0.125,  28.8027,  4.17469,  7.444,  5.6,21.9
SSPHOX01004,2020-08-19T08:04:28,    646, 0020, 21.7155,8.1070,8.1002,-0.847251,-0.901100, 21.5729,    0.125,  28.8079,  4.17334,  7.449,  5.6,21.8
SSPHOX01004,2020-08-19T09:04:28,    647, 0020, 21.6986,8.1067,8.1002,-0.847289,-0.901102, 21.5511,    0.123,  28.8131,  4.17255,  7.449,  5.6,21.8
SSPHOX01004,2020-08-19T10:04:28,    648, 0020, 21.6713,8.1076,8.1008,-0.847267,-0.901078, 21.5271,    0.123,  28.8189,  4.17094,  7.457,  5.6,21.8
SSPHOX01004,2020-08-19T11:04:28,    649, 0020, 21.6284,8.1073,8.1010,-0.847331,-0.901083, 21.4887,    0.121,  28.8251,  4.16803,  7.446,  5.6,21.7
SSPHOX01004,2020-08-19T12:04:28,    650, 0020, 21.5707,8.1080,8.1022,-0.847352,-0.901036, 21.4365,    0.118,  28.8316,  4.16388,  7.458,  5.6,21.7
SSPHOX01004,2020-08-19T13:04:28,    651, 0020, 21.5054,8.1090,8.1035,-0.847359,-0.900985, 21.3744,    0.120,  28.8382,  4.15909,  7.467,  5.5,21.6
SSPHOX01004,2020-08-19T14:04:28,    652, 0020, 21.4314,8.1096,8.1048,-0.847397,-0.900936, 21.3028,    0.120,  28.8437,  4.15339,  7.473,  5.5,21.5
SSPHOX01004,2020-08-19T15:04:28,    653, 0020, 21.3683,8.1107,8.1059,-0.847396,-0.900899, 21.2351,    0.119,  28.8496,  4.14869,  7.485,  5.5,21.5
SSPHOX01004,2020-08-19T16:04:28,    654, 0020, 21.3422,8.1117,8.1069,-0.847369,-0.900853, 21.1981,    0.117,  28.8550,  4.14714,  7.488,  5.5,21.4
SSPHOX01004,2020-08-19T17:04:28,    655, 0020, 21.3688,8.1108,8.1060,-0.847398,-0.900893, 21.2075,    0.119,  28.8590,  4.14995,  7.489,  5.5,21.4
SSPHOX01004,2020-08-19T18:04:28,    656, 0020, 21.4433,8.1106,8.1055,-0.847343,-0.900893, 21.2643,    0.121,  28.8631,  4.15693,  7.492,  5.5,21.5
SSPHOX01004,2020-08-19T19:04:28,    657, 0020, 21.4417,8.1089,8.1036,-0.847452,-0.901007, 21.2891,    0.122,  28.8690,  4.15755,  7.456,  5.6,21.5
SSPHOX01004,2020-08-19T20:04:28,    658, 0020, 21.4558,8.1077,8.1024,-0.847510,-0.901071, 21.2973,    0.123,  28.8735,  4.15936,  7.451,  5.6,21.5
SSPHOX01004,2020-08-19T21:04:28,    659, 0020, 21.5033,8.1067,8.1014,-0.847527,-0.901111, 21.3342,    0.120,  28.8787,  4.16414,  7.455,  5.6,21.6
SSPHOX01004,2020-08-19T22:04:28,    660, 0020, 21.5851,8.1054,8.0999,-0.847533,-0.901167, 21.4037,    0.118,  28.8836,  4.17187,  7.451,  5.6,21.7
SSPHOX01004,2020-08-19T23:04:28,    661, 0020, 21.6883,8.1050,8.0988,-0.847463,-0.901190, 21.5009,    0.115,  28.8868,  4.18125,  7.443,  5.6,21.7
SSPHOX01004,2020-08-20T00:04:28,    662, 0020, 21.7775,8.1024,8.0955,-0.847533,-0.901350, 21.5933,    0.111,  28.8906,  4.18948,  7.428,  5.7,21.9
SSPHOX01004,2020-08-20T01:04:28,    663, 0020, 21.8681,8.1020,8.0941,-0.847476,-0.901399, 21.6856,    0.113,  28.8928,  4.19763,  7.409,  5.7,22.0
SSPHOX01004,2020-08-20T02:04:28,    664, 0020, 21.9284,8.1013,8.0920,-0.847461,-0.901497, 21.7553,    0.114,  28.8958,  4.20327,  7.399,  5.7,22.0
SSPHOX01004,2020-08-20T03:04:28,    665, 0020, 21.9836,8.0972,8.0877,-0.847656,-0.901727, 21.8068,    0.115,  28.9002,  4.20865,  7.393,  5.7,22.0